T cells	CD8 T cells	Cytotoxic lymphocytes	B lineage	NK cells	Monocytic lineage	Myeloid dendritic cells	Neutrophils	Endothelial cells	Fibroblasts	Risk
TCGA-A1-A0SP-01	1.94822168176632	1.49447286661951	1.79465373164481	1.69718164354695	0.236933688106832	4.51543618198521	4.13927894454453	1.51464438421452	2.88273195963853	6.84619902637791	High
TCGA-A2-A04U-01	1.08154387917172	0.777578684591772	0.789633226700355	0.657994132889028	0.161862057302695	2.25857575700085	0.57017475484265	1.24079377549984	2.44614994678089	6.78898810487847	Low
TCGA-A2-A0CM-01	2.91270466880162	3.83079940743761	2.73094796322094	1.64609854738315	0.552653575206773	4.43051119666872	1.96388965048381	1.63216102427751	3.03812016622924	7.47099088609982	High
TCGA-A2-A0D0-01	1.90913852759243	2.39938648501895	1.56439197191008	0.680440787473656	0.436059924581879	2.89300740033801	2.19484193977734	1.5666300026899	1.94358781399057	5.24882695073082	Low
TCGA-A2-A0D2-01	2.26703165576252	3.06515759647848	1.5568319818345	1.9144453662772	0.575675600383253	3.715287950398	2.59336017044145	1.49641712045805	3.21490330475848	7.51848582248286	Low
TCGA-A2-A0SX-01	3.44672133355058	3.62233726257165	2.0454876906727	3.39526545643333	0.598090180331965	4.57653046070292	3.32487629878917	2.03951572799423	3.08641983367481	7.80653117943325	High
TCGA-A2-A0T0-01	1.61497580400172	1.4593643808242	1.0142060006239	0.425661463912983	0.385849367181405	3.22890009572534	0.931525837670359	1.48594861104667	2.75366362256323	7.81531275867959	Low
TCGA-A2-A0T2-01	1.2231259152191	2.5651198923103	0.876296124017056	0.236142277167396	0.257883209661839	2.86727660024232	0.903606594946526	1.50131388825679	2.73357674612122	7.08575652133124	High
TCGA-A2-A0YE-01	1.22117299033696	0.875047424585198	0.99719161507929	0.87574896464866	0.248176637839658	3.05080207708575	1.04829773358086	1.7777487746532	2.78946937372655	7.32577059710939	Low
TCGA-A2-A1G6-01	2.00921964741873	3.065008656193	1.66551968638163	1.16686530797472	0.32133795643344	3.55190826357157	2.75766602706025	2.29410806361932	3.71601671981464	7.52584728686018	High
TCGA-A2-A3XT-01	2.30268409703523	1.91287385901607	0.92481136367505	0.963503723896384	0.204758464409294	4.75056830921169	3.40633297452523	1.65419545947848	2.75885217789728	6.82146615063809	High
TCGA-A2-A3XX-01	2.09266435669411	3.52493996380164	1.67932634163114	2.81303263566635	0.351292111022167	3.15502609268507	1.30456649026664	1.19834978403674	2.91623529779593	7.24893605699287	High
TCGA-A2-A3XY-01	3.12972253672414	2.3521167537792	2.03652640971132	2.51442361862076	0.498210358030802	4.00957942192268	3.24294855293802	1.8196441332168	3.85694552823201	8.62707414889135	High
TCGA-A7-A0DA-01	1.12254699466997	1.50849154681277	0.905618474380903	0.331371650503982	0.259244187965321	2.86281704424599	0.845175068366851	1.39810022548301	2.63083790663565	8.06714572598742	Low
TCGA-A7-A26G-01	2.71373690189819	2.38337248153332	1.71222565862182	2.74578098312041	0.302800924651831	4.49945057016039	2.71316378716024	1.82698639667524	3.37788589713203	8.19262865435121	Low
TCGA-A7-A4SE-01	1.93127806112093	1.35822534001572	1.3203986077594	0.886594246699041	0.292993285768675	3.85930962289926	2.59428478234277	1.65583146796915	3.83666490281791	8.69277573434332	High
TCGA-A7-A6VV-01	1.90432588400892	1.94106661552918	1.34479949271084	1.57364628931374	0.459255673265876	4.0936309186433	2.14792309514469	1.90335907644086	3.34300479712946	8.83526453147633	High
TCGA-A7-A6VW-01	1.15835221567757	1.02802804715919	1.12415424611836	1.02551786135734	0.236537828906459	3.97749412787475	1.61349744617492	1.66309965710177	2.28089930662561	6.83610363083858	Low
TCGA-A7-A6VY-01	2.57997207256186	2.15662357640834	1.72108743232626	1.62973887085158	0.325334345794537	4.25006505228947	2.70011877797277	1.76688326220222	2.41273364082486	7.93474251935743	High
TCGA-A8-A07C-01	2.29999812627562	2.55902711287108	1.97416050947674	2.1504502032342	0.836628206309756	4.05335744298934	1.57878139546623	1.44178838097439	2.82123842502262	6.08440130028121	Low
TCGA-A8-A07O-01	1.42141002899539	3.0571732199453	0.950732099225148	0.433746227019929	0.315006176027337	4.03897463447522	2.39417564898894	1.62050685766266	2.59756024352348	6.87741275991129	Low
TCGA-A8-A08R-01	2.52070119293384	2.52627111083189	1.96326697890601	2.59970314713601	0.808234520838451	4.63500193907277	2.19601029064008	1.49837689115269	3.35696142202642	7.12528979436728	Low
TCGA-A8-A09X-01	2.64057556831179	3.55308989108891	1.96654684308327	1.96857281695828	0.590155591770469	4.73714555217824	1.37232671642473	1.69794307480065	3.20712396293918	7.20180915704382	High
TCGA-AC-A2BK-01	1.10036947629174	1.6054780990328	1.83801816581283	1.1320143131936	0.12524748682388	3.0454312558223	0.490983852586125	1.50260644336098	2.60770649291456	4.36150044972988	Low
TCGA-AC-A2QH-01	0.891778356533573	0.546017946284725	0.694883994558286	0.26410729252465	0.33763438338994	2.33975374128032	0.943443508143091	1.35389999574114	1.89218136743925	5.87031385450989	Low
TCGA-AC-A2QJ-01	1.57666719642017	1.49762697633207	0.661288035798244	0.377805552733207	0.110085246131622	4.00752019003698	2.59085555780183	1.4927689749432	2.68445344585971	8.89643941201969	High
TCGA-AC-A6IW-01	2.80938918172863	4.58507706042953	1.64370156187447	1.93015249932168	0.476572883143796	5.24453552064589	3.93254074438409	1.30846800353536	2.32159491604877	4.93264712691944	High
TCGA-AC-A7VC-01	0.849027740159726	0.408949722175663	0.57858033363475	0.278529877325125	0.502337140325551	3.40292074252331	1.81535188669176	1.98565342882084	3.81530722267256	9.48490114044756	High
TCGA-AN-A04D-01	0.74747654579521	1.76596279663397	0.343125179546888	0.340580178568475	0.171804173515975	1.82534098887517	0.772329670933476	1.20260328257495	2.48845864379227	4.87662898984332	Low
TCGA-AN-A0AL-01	2.02450509338156	1.72193887563533	1.4428304804945	3.75186748571292	0.456896932744148	3.53136979538189	2.06839603697687	1.7885646634257	3.51139395807525	7.98347992597138	Low
TCGA-AN-A0AR-01	1.05142185191467	0.814947200548426	0.553102630867688	0.514045446711706	0.0263798420125046	2.94163307548932	0.80398603782867	1.30618558055544	2.27402363014005	5.45983270404624	Low
TCGA-AN-A0AT-01	1.869520925575	2.49772632457628	1.60108167667198	1.94989042280828	0.226736680666094	3.26467813051855	2.08340106753781	1.47194163189527	2.23078466932331	6.0447955230419	Low
TCGA-AN-A0G0-01	1.27364042352915	1.06848764178685	1.01369969051571	0.964634419156999	0.34520892689213	3.252819109594	0.996720974064881	1.73711854944164	2.6978359526752	6.73191836928701	Low
TCGA-AN-A0XU-01	1.91645522008033	5.05311924725189	1.89790139789201	0.924278776850364	0.965417563065522	3.61426023441605	2.29486425543356	1.94973941133038	2.54637755911026	6.24212083926684	Low
TCGA-AO-A03U-01	1.3717768305675	1.51792838122066	2.57612394147085	0.605538690739806	2.28532708373118	4.62669976499856	3.04259470020945	2.48290560164638	2.94261788849338	7.35649781462302	High
TCGA-AO-A0J4-01	2.96583800419271	2.8775880965866	2.3076629946233	3.79752436586666	0.676422609949539	3.49345811170974	3.26032354167783	1.58606830990923	3.20307975313654	7.47698104007145	Low
TCGA-AO-A0J6-01	1.97480014882509	3.05225681813719	2.0432828560105	0.446702821064846	1.11511817180059	4.10905055599947	1.61740034385617	1.67127699180732	1.88417599386456	5.62765544609756	Low
TCGA-AO-A0JL-01	0.783177761730397	1.06119547850431	0.612811972835862	0.408389730886364	0.169493851189076	1.98358755464359	0.57263392819382	1.16001861188045	2.93895058891834	6.0058172643851	Low
TCGA-AO-A124-01	1.38515501592143	5.35963545437763	1.09302043961233	0.525371675748642	0.200450409331766	3.01884668713593	1.23751925496928	1.74497461941383	2.31075126387135	5.86894456654473	Low
TCGA-AO-A128-01	4.38108410207888	5.6598842127687	3.6799924229328	2.47700074363036	1.50771544289094	5.87897593329079	2.33712754901859	2.19300245090074	2.70572977314692	6.48175081765226	High
TCGA-AO-A129-01	2.59957196495503	3.36977402902982	2.0212079601255	3.20276565489698	0.876717140444581	3.61394082030219	2.06879993061277	1.50733149937376	2.96003453255355	6.9940760975556	Low
TCGA-AO-A12F-01	0.939249832593358	0.830684411635178	0.461720213751056	0.792444720596259	0.151242728224131	2.92437979158421	1.00111820502244	1.59820654703164	3.77247141962848	7.42097396315967	Low
TCGA-AO-A1KR-01	1.40880170088462	2.12887517982978	1.32029814469975	0.824394771403271	0.48862718558872	1.7766301241014	0.862522587500909	1.2302526535264	1.91934027936642	4.91548970374799	Low
TCGA-AQ-A04J-01	2.96744771685346	3.39569379689875	1.7829684616793	4.53178104483481	0.355991496067009	3.59523188013785	3.15164862282996	1.82288209582944	3.8553982151653	7.00884657961245	Low
TCGA-AR-A0TS-01	4.08141228738223	4.13215391606809	2.39943502732085	5.54446577177414	0.815189526421358	4.27335222813045	3.6546132683584	1.84790820732179	3.6775983568572	7.51369476529736	High
TCGA-AR-A0TU-01	2.22417966698319	2.95942345563418	1.7235000289518	0.724883735146921	0.527914027909924	4.21716776336176	2.55274242680209	1.32363766503336	2.244778906197	4.90812490307531	High
TCGA-AR-A0U4-01	1.9992344701347	1.44960779409075	1.57938588850291	0.968633259534307	0.402197906099931	5.72764428757088	5.14022402181294	2.52233149153209	2.85697851218007	7.10801906086784	Low
TCGA-AR-A1AR-01	2.85064606354396	2.98665601432448	1.94325303757215	1.65683463592242	0.570955061792964	5.78231351806524	3.363199216258	1.9098744758012	3.39357340476036	7.17974466807682	High
TCGA-AR-A1AY-01	0.955148915343185	0.670981006972438	1.03614652231468	0.3068452465506	0.371498616355913	3.61310826594872	1.72315326155194	1.74928634332323	2.9080118101968	7.66334043402582	Low
TCGA-AR-A256-01	1.57280465584112	3.80683708807266	1.5167123781757	0.717030259390472	0.255661374935203	4.37878525599687	2.55952030183391	1.60601270031115	2.61307799072869	6.52785419527732	High
TCGA-AR-A2LR-01	1.38163543454442	3.92308221568104	2.37031306747124	0.940673574871828	0.650211173766641	3.57069455082575	1.80786353623389	1.70656628428968	3.6909540910509	8.00337643853766	Low
TCGA-AR-A5QQ-01	3.17657691651014	3.44205384500746	2.17644598884191	3.15653454045962	0.584029929406959	4.39775794405178	3.33454657794592	2.11028988228679	2.82192845527	7.42735451936564	High
TCGA-B6-A3ZX-01	4.77636686515262	4.78815266960698	3.00160149164195	6.15626623844624	0.619178058512456	3.82839358327617	3.41635158437722	1.53582529650275	3.13033731833678	6.7634414667825	High
TCGA-B6-A400-01	2.36400913412429	2.12620519060366	1.39046937238993	0.713181440190727	0.322813636468445	4.07312476320735	4.83334798521154	1.84996061291777	2.94233391861522	7.72550660960583	High
TCGA-B6-A402-01	1.22792976256859	1.64241204708745	1.29839486004649	0.310850582832801	0.120988042926738	2.47596484475601	0.822727855162035	1.20217774032528	2.35324828456585	6.70388824531326	High
TCGA-BH-A0B3-01	2.0477713623436	2.33833816529436	1.466936402313	2.02535672229073	0.562159633887065	3.93470017300703	1.59964229319769	1.53155594414633	2.58829497562388	7.83513483398172	High
TCGA-BH-A0B9-01	3.08804513659655	4.81360092119824	2.09491067668186	2.10672218146132	0.558753111974279	3.677251332765	3.56778489242315	1.49589465389518	1.96403230710084	5.04566985744576	High
TCGA-BH-A0BG-01	2.69155444343839	3.61613748681382	2.01117012680537	2.73327713830829	0.550118834010676	3.85069240612323	2.35799602004124	1.33709585390195	2.83067687331857	6.61737365574387	Low
TCGA-BH-A0BL-01	2.79213503587162	2.58439671256242	2.11434855524923	2.92944929318212	0.772984137484191	4.66056616879334	3.40640940643629	2.02552900068225	3.85585989456058	8.78153254234069	Low
TCGA-BH-A0E0-01	1.63357082308048	0.623498875723438	0.464034396327144	0.722613575562254	0.0766897601793949	2.86760006702569	3.18192664826704	1.54248985850491	2.29517179883732	5.21876423474885	High
TCGA-BH-A0RX-01	2.72462568099711	3.87706563795356	2.36455480616868	3.09525009139396	0.982350718634674	4.35625153449934	2.3242843628368	1.45564806664505	3.67202050013831	7.50257416463649	Low
TCGA-BH-A0WA-01	1.96466978432379	2.25212318099617	1.76299393286299	0.785490753090716	0.267058711700114	3.77929356855439	2.89787664651229	1.5564875968177	3.34407105058353	7.52732587020067	Low
TCGA-BH-A18G-01	0.834472441780749	1.0108028167429	1.02778928350483	0.132433640756202	0.352396335425675	2.26321401137396	0.671514152285889	1.57062214155829	1.76596772503636	6.9669474461571	Low
TCGA-BH-A18V-01	2.63982748363869	4.507186374727	1.63966642172458	1.11340135348478	0.596485814218148	4.65829844665511	3.03038871811592	2.08936280627067	3.23798455137988	7.27188504187169	High
TCGA-BH-A1EW-01	2.38706921242468	3.07758507405302	1.71530632267596	1.16831625858209	0.521141850082842	3.56729250274504	2.14066211161381	2.19765696832112	4.05362942705863	7.2984322681353	High
TCGA-BH-A1F6-01	2.06745103871912	6.95347451407536	1.69996054395019	1.41790494384121	0.556394382126582	4.3212049316598	1.69395352615271	1.70861218206306	2.90798386006424	7.15826840740831	Low
TCGA-BH-A1FC-01	2.72428317304394	3.59447383434483	1.97735213155375	2.10148951993187	0.810498004127766	3.85982948409862	1.44107098753054	1.35061990563993	2.03770785235557	6.0570485619442	High
TCGA-BH-A42U-01	2.5562481617725	2.82698438992735	1.59117402430459	2.94239573400741	0.346360809653773	3.07808977687492	2.55182977042316	1.90761061551369	3.79507678781609	8.09596183398073	High
TCGA-C8-A12V-01	3.99851269725526	4.89035435005291	3.29973992838524	3.77748015804947	1.38109419505418	5.57554087223149	4.5121921691287	1.6557291903442	3.28100304776473	6.66981895888913	Low
TCGA-C8-A131-01	1.32166368850282	1.51058742504515	1.26256564666841	0.575525818197979	0.300188779712657	3.14827877860567	1.68624072211395	2.02441322342501	2.82236939000782	7.75964717634615	High
TCGA-C8-A1HJ-01	1.44611686604907	2.63185427422929	1.15467970235485	1.29202892178081	0.338151046909827	2.30896832654703	1.35632798715193	1.30180427543122	2.91296308349586	5.29442856035348	Low
TCGA-C8-A26X-01	2.06401005904665	3.12473069043907	1.82866933584248	2.301053905525	0.728449443376534	4.14132590268695	2.58101991235132	1.73056718632267	3.2797417876178	6.8040072441328	High
TCGA-C8-A27B-01	2.240546718152	5.4315674387893	1.94159941490229	1.32740497862941	0.480423840026153	5.17180751409202	4.11909313640383	2.11270069945439	2.46862463157431	5.31806082130933	Low
TCGA-C8-A3M7-01	1.9134561788038	1.98781849499944	1.38717913709705	1.40438843551573	0.532234374859351	2.75652416693513	2.46858899843676	2.20287447136987	4.6407847421508	7.16949003882276	Low
TCGA-D8-A13Z-01	2.28109909319432	2.32797694707049	1.45595593465323	2.04415907523246	0.414824535045498	4.26135928592777	2.49234055374714	1.85931539609504	3.36542394295511	7.897286938075	High
TCGA-D8-A143-01	1.96987955254783	2.91236374338854	1.238703997207	2.38779426486977	0.358958445009569	3.15360841787219	2.18769947774506	1.51371887151033	3.14338605073731	6.35170186701954	High
TCGA-D8-A147-01	2.79516637644137	2.62853150385355	2.28303070173962	1.33552489939811	0.400891464723377	4.4041684809477	2.40759898991989	1.58947579928003	2.25592455512608	7.01649493246923	Low
TCGA-D8-A1JF-01	1.46535177114752	1.75818126137124	1.03532979552078	1.60827676364513	0.157378795667479	3.80777410790267	1.65705822316028	1.95361491075796	2.41119008740464	7.16734122113885	High
TCGA-D8-A1JL-01	3.20900087078856	3.55986790859785	2.54232889822422	1.48116997773952	0.925220607640641	5.10626661619597	1.97366122759941	1.83095188034187	3.45705751331808	7.60067052669131	Low
TCGA-D8-A1XK-01	1.90120968186074	2.38838920434783	1.99576972757621	0.797762070736854	0.494104267723001	4.24899094081658	2.40897546474913	1.90564244237912	2.29961294909313	5.91980690162286	High
TCGA-D8-A1XQ-01	2.43798885086115	2.37320033340595	1.52447647516425	2.00340745909848	0.406491554670461	4.63757323927148	2.08968936475388	1.33544402406547	2.58306140390693	7.10977812073767	High
TCGA-D8-A27F-01	0.97571942647073	0.63118311567538	1.38634227213382	0.888390677433585	0.370360141835814	3.92054053183506	2.83874762657821	2.15938400492338	3.18848042063085	7.90052567723803	Low
TCGA-D8-A27H-01	1.36681417529507	1.10931836433381	1.50649401998916	0.797917203528299	0.221164220681879	3.03391723199857	1.98817984026522	1.72888442296726	3.41865133982406	8.36103156864316	Low
TCGA-D8-A27M-01	3.01950015833467	3.38990593245598	2.51037505533669	4.86835196107795	0.645192901394603	4.55915278534285	2.87498840503834	1.88449836167714	3.08408127201917	7.82022217480691	High
TCGA-E2-A14N-01	2.17322549544558	1.67202395474831	0.951133132906765	1.51750724970136	0.192556007350362	3.15366028050225	1.64896991385959	1.07097599792672	1.64258237602144	5.00356386050918	Low
TCGA-E2-A14R-01	2.20841631845858	2.61886472715962	1.2699159593008	1.5347588227538	0.282276709852704	3.53337227401052	1.74392819716209	1.2509118671248	2.35426206553977	5.39126579105946	High
TCGA-E2-A14X-01	2.71427386543496	3.27256222677441	1.79042994337109	3.54696435423139	0.47052781738506	3.0230075796873	2.52915782569574	1.56341054817803	3.29567074919121	6.5278081530979	High
TCGA-E2-A150-01	2.1222268441135	2.05812062695253	1.05795210785431	1.0194674171955	0.282049806128538	4.38585592587776	2.52114716843498	1.65245032899041	3.20127837936907	7.35256959800157	Low
TCGA-E2-A158-01	1.16560686968807	0.852814992742898	1.65454401562475	0.457798474696599	0.261660832303626	1.98285544816925	1.15268725408116	1.6077536243968	2.20975373499637	5.17174426667754	High
TCGA-E2-A1L7-01	2.8720501425572	3.97820293286741	2.08314451531247	1.68634332204807	0.764388589694734	3.989424864648	3.07238421654076	2.05637253453811	2.85144556100635	7.35439312371698	High
TCGA-E2-A1LH-01	2.6244179019987	3.8785688328363	2.08938305565337	2.68765255922318	0.514503489050452	3.41218744430847	2.62088700170517	1.22346068427994	2.66614897370831	6.38579613029673	High
TCGA-E2-A1LL-01	1.01187107132584	0.253765372192093	0.89206661108621	0.613871272614552	0.137990755406701	2.83497248402302	1.55157969668325	1.8750980947053	3.33284776421048	5.93016183875305	High
TCGA-E2-A1LS-01	0.443639196293439	0.803303581046744	0.468380186082749	0.387656549023286	0.108028460974537	1.43449107520786	0.9015427006831	1.23760480609629	1.87915139796796	4.06850962828726	Low
TCGA-E9-A5FL-01	1.1516937574252	0.5344777161183	0.68509684038848	0.439927207520449	0.152695080395165	2.7184044352562	2.18091051683323	1.70477959499465	2.21804240305464	6.67531532078645	High
TCGA-EW-A1OV-01	3.65613270328881	4.51667154328934	2.41211551316964	4.49663266811516	0.856053009242698	4.50944671056296	2.66762219430882	1.56252034706273	3.1884659770299	6.62892486040746	High
TCGA-EW-A1OW-01	1.47986099911535	1.34862158037561	1.46534604539314	1.42746879231784	0.504071193565321	3.76726535906733	2.34656853816249	1.74263401229573	3.47452188575426	8.00466508784767	Low
TCGA-EW-A1P4-01	2.35217077135314	3.62363329113382	2.45899239824673	1.86625948672159	1.27211483585197	3.67926427976559	3.89674186150394	2.22966947169633	2.58236419573034	7.43027360136729	High
TCGA-EW-A1P8-01	1.93707153325902	1.76842668801495	0.97508267293545	1.00717652568916	0.171544882572539	4.86049895946116	2.96575921727773	1.67171021737869	2.69786705883725	6.87899944407082	High
TCGA-EW-A1PB-01	3.05578231391265	3.8694098378991	2.34398509528556	0.618159893441127	0.836895247791809	5.31439280066684	3.07147155742716	1.98307287577158	2.02566119373371	5.93087858236908	High
TCGA-EW-A1PH-01	1.94019047649638	3.4543331176904	1.60992757217377	1.96465514340334	0.731780621583003	3.29912305883136	1.91188195556944	1.52397604133057	2.78300849616858	6.18697918422191	Low
TCGA-EW-A3U0-01	3.80913204414931	4.44153684415613	2.55631367778957	4.0696708263907	1.17284542164796	4.86649658581734	3.56158939140813	1.85940666930801	3.55397050333381	7.47906780408274	Low
TCGA-EW-A6SB-01	2.79937658455196	2.17166651465869	1.75679976579166	2.88107264874256	0.580392180813008	3.6125370019475	3.08201088351079	1.03636531564722	1.41466993825054	4.75120346224908	Low
TCGA-GI-A2C9-01	1.6036279557942	2.15530293911515	1.0339276766732	0.410957030858297	0.234618845224055	3.98178899483204	3.87155766251561	1.68588970996033	2.39737678202328	7.70998923563406	Low
TCGA-GM-A2DB-01	1.84435605464965	1.82625297203729	1.20855211973898	3.50195173850312	0.296264233711654	2.78559319894148	1.58065754250294	1.36750624288138	2.11214049218349	5.68504924366728	Low
TCGA-GM-A2DF-01	2.02939228499958	5.89462434104012	1.21732105639843	2.56232776113877	0.229915807085754	3.54274218722818	3.13224898404583	1.6263996941085	2.72109412101403	6.28894054036831	Low
TCGA-GM-A2DH-01	3.64468776522969	4.25074842328966	2.55572285818917	3.26845664313727	0.876975553361994	4.37946728930699	3.55409876812371	1.77297377805094	2.94489616547047	6.97264152993353	High
TCGA-HN-A2NL-01	2.42670391866615	3.42676237590877	1.56573283660106	1.94080357734979	0.264335837070007	3.15908787329432	2.35826806395976	1.31664891491468	2.37139633080028	5.70854060888271	Low
TCGA-LL-A441-01	3.99986060287947	3.75040973171542	2.31780707416354	6.42212957977451	0.544570655849129	3.8026318387365	3.88649217117156	1.75956878903662	3.40115842546206	7.57270925277648	Low
TCGA-LL-A5YO-01	4.00159890902831	5.14241924415817	2.55997298479496	4.64053414744356	0.82686987283555	4.83468443168149	4.00638255482638	1.58225647582799	2.59763703477072	7.12911295099873	High
TCGA-LL-A73Y-01	2.98149354284925	3.25946070276576	1.81333222937761	2.89270407449228	0.384913269276991	3.42905929888444	3.87470559559433	1.74048324144078	4.02160422554347	8.0161320277709	High
TCGA-OL-A6VO-01	1.88159782625423	1.72114456542229	1.23449489496244	1.14378272046617	0.220632882719887	3.52019908698904	1.82919979758461	1.45173827845122	2.66247853020492	6.1730870759269	Low
TCGA-S3-AA10-01	3.45155156837797	3.87116329429528	2.96659625649852	2.97636080240949	0.95168558857162	4.69665569908815	2.81512039472531	1.65472974357887	2.9153601386889	6.83125576040956	High
TCGA-S3-AA15-01	2.52909624855669	3.20099521805197	1.77946455567026	4.5456525074764	0.643599095119416	3.8903531457603	2.17576728033786	1.81652031607474	3.39674054225122	7.71410912125932	Low
