GOBP_AGING	GOBP_CELL_AGING	GOBP_CELLULAR_SENESCENCE	GOBP_MULTICELLULAR_ORGANISM_AGING	GOBP_MUSCLE_ATROPHY	GOBP_NEGATIVE_REGULATION_OF_CELL_AGING	GOBP_POSITIVE_REGULATION_OF_CELL_AGING	GOBP_REGULATION_OF_CELL_AGING	GOBP_REPLICATIVE_SENESCENCE	GOBP_SKELETAL_MUSCLE_ATROPHY	GOBP_STRIATED_MUSCLE_ATROPHY	GOBP_STRESS_INDUCED_PREMATURE_SENESCENCE	KEGG_P53_SIGNALING_PATHWAY	REACTOME_CELLULAR_SENESCENCE	REACTOME_DNA_DAMAGE_TELOMERE_STRESS_INDUCED_SENESCENCE	REACTOME_ONCOGENE_INDUCED_SENESCENCE	REACTOME_OXIDATIVE_STRESS_INDUCED_SENESCENCE
TCGA-E2-A14R-01	3.81402924973819	4.32914366323738	3.96297332736661	2.01198269823908	0.247525155373471	1.26266591517145	1.55964972190394	3.02432255077814	2.15474612185835	-0.077641088905314	0.0645445495549317	1.1576623535493	2.56150074741631	4.78973819692824	2.56576100121819	3.54173666008317	4.33616834065455
TCGA-E2-A1LL-01	3.90191079993909	4.4625943464819	4.10242655711644	1.77047751574925	0.208762260517782	1.53100181252906	1.43372986571061	3.47059892403164	1.72103976640419	-0.0967276942142736	0.0338988419063962	1.09777442305787	2.72970517036882	5.1500511898835	2.61566623233664	3.52403031556095	4.37079960548663
TCGA-A7-A4SE-01	3.9833031178466	4.61653708041724	4.27594999352084	1.99854198783165	0.248587933732026	1.7048882721561	1.42008634135747	3.49963311155083	2.22601039309122	-0.0595961485297839	0.0461068401769103	1.18618604733019	2.57475554662079	4.89772527671936	2.40449450218949	3.83451654573258	4.39383145787294
TCGA-BH-A18V-01	3.81182060166714	4.42809194142624	3.99067520535848	2.04718060011012	0.247709532049957	1.51712455542212	1.39978604336451	3.31725598784897	1.97763811065432	-0.028965782178166	0.054088114911373	1.1015432360943	2.5064744868153	4.78311364741657	2.59945763197676	3.44696262327902	4.05522639426603
TCGA-AO-A0J6-01	3.6826140579993	4.0052474235266	3.71745390660736	1.67343736309545	0.253753951250908	1.13473963626279	1.3605636714451	2.91454255277354	1.3698228338263	0.0526363222479633	0.125300308666754	1.00464149847351	2.32555210092773	4.88345736230581	2.45845362214372	3.18757086735594	4.22028956699478
TCGA-C8-A12V-01	3.770787253247	4.25147111127299	3.9012104431441	2.00458291279934	0.2317727720405	1.10324140024132	1.53826104303541	3.07588998355068	2.01673074327736	-0.0356147768815937	0.0579722484913284	1.30172783311138	2.51374502503798	4.739133135538	2.49207734891176	3.41786684965604	4.23282387927027
TCGA-A7-A6VV-01	4.00782853243152	4.55023137661152	4.20103255290705	2.05902622964231	0.280019693228545	1.45568984649224	1.19947107428031	3.17492795161336	2.13486267097909	0.0766126573883083	0.152425705237511	1.17383552882085	2.59907946194411	4.85251318361969	2.37341197336889	3.64128174472098	4.41258257754563
TCGA-E2-A1L7-01	3.95273113469369	4.43616237316834	3.96863520183352	1.93549598981941	0.281283504347911	1.18656862554566	1.36029832751448	2.85890279230127	1.88946665242253	-0.0172745936620881	0.0872586515532439	1.14063583400627	2.62318506329656	4.84915649326069	2.64694812655324	3.68201575166862	4.37220717142358
TCGA-EW-A1P8-01	3.82106355968521	4.25908643192135	3.82575274423861	2.08994360370514	0.223854290090908	1.13608015000824	1.31799955168697	2.88838636280487	1.99805826375549	-0.139248568840395	0.00525917932539262	1.11599563411207	2.49008482254262	4.90243127795724	2.52564244323565	3.49047555200485	4.41487038239774
TCGA-EW-A1OW-01	4.1217257097816	4.49631203742473	4.13984953436762	2.09307408550272	0.216628029276416	1.41587097954544	1.32357377542747	3.16804384606139	2.00305151135349	-0.122151213502337	0.0166920588739744	1.01717768940199	2.5186302218929	4.91787751701499	2.53005597653981	3.53210403116718	4.43055699689331
TCGA-E2-A150-01	3.78928903577794	4.21060393124463	3.90177920276115	1.88352883813299	0.400602371182899	1.21622916470884	1.32908701076687	2.93452689882624	1.57079982607407	0.114991967742491	0.181265215803677	1.13871496961661	2.31281113385134	4.6763846808046	2.36380695709827	3.26907372970213	4.07629108886649
TCGA-S3-AA10-01	3.96587479656693	4.70884242655349	4.43225969468169	1.74165097492668	0.14519592650322	1.5681605339045	1.74120771716085	3.55807091847491	2.08835832990493	-0.0744943184288587	0.0269849901319759	1.11443132506377	2.66412092643824	5.14854525550109	2.69877412516255	3.89273090038596	4.50033158597562
TCGA-AR-A256-01	3.84773979197854	4.37028067891561	3.99018834536488	1.90238282522218	0.330451378758358	1.31448282568476	1.08572976926068	3.04948448194487	2.02088986198387	0.0918972566310076	0.169808612027666	1.00345882870056	2.5067878820329	4.88688853744336	2.63688839412935	3.55578747610534	4.28680549624924
TCGA-C8-A27B-01	3.87674641493325	4.44444135625235	4.26627895240639	1.92098144320778	0.294916475864953	1.50846331361354	1.5036530608813	3.33453684385967	1.73448149980157	0.0215018113071527	0.115237673946781	1.32628713706238	2.54334473276431	4.88431137385076	2.59767924367946	3.5863924478147	4.32292844211582
TCGA-EW-A3U0-01	4.03972980905143	4.47950036427779	4.09959038611703	2.09389443107944	0.25010360077084	1.41825620573399	1.56275325803095	3.27143425977643	1.97326000162169	-0.00501311911518028	0.0912066546106123	1.05204923019068	2.46064328040879	4.82380676984529	2.44297838376644	3.56977143182608	4.37648228864257
TCGA-C8-A26X-01	3.9403681225249	4.33765991050359	4.03566158238181	1.82830046100769	0.338385715575921	1.2219479749248	1.35526217934315	3.12483428109397	1.81238389649451	0.041223432591234	0.116096247387634	1.10672954976577	2.44038392528861	4.66728743377679	2.30290667825333	3.26697250809519	4.13853546358416
TCGA-EW-A1OV-01	3.83467696905062	4.27325087724969	3.87365195407558	1.75728469934165	0.268246825902631	1.36180930835261	1.43273312951594	3.15437165852915	1.80900627932015	-0.0288695652246425	0.0842737722515196	1.33954619290033	2.25632054632333	4.7938613198621	2.42529547522513	3.39213889299956	4.27498380279369
TCGA-A2-A1G6-01	3.94978162326431	4.49671796256667	4.22169894184658	2.07070567727691	0.332250930758037	1.29937336519079	1.36723421954666	3.14817390739913	1.83860991064628	-0.00433346968834215	0.0899703751459284	1.59543559120942	2.26088304153926	4.46948960307497	2.25890474833943	3.24148131576777	3.96663487875078
TCGA-EW-A6SB-01	3.58375923542546	4.20907403471916	3.79888279049467	1.5418186042796	0.260150442909354	1.29330825121305	1.75815010267651	3.24916397720393	1.66286781995925	0.0358495561148552	0.0925161746692206	1.16208489943826	2.54816732493175	4.62027957102069	2.53167804345807	3.16776791265365	3.96922101282133
TCGA-EW-A1PH-01	3.77148838300005	4.25772279284722	4.05989913650056	1.92771963364463	0.14351707035448	1.50217486020853	1.23455178116323	3.26545165981689	1.80604225201432	-0.0967116178766485	0.00108369136101761	1.17075667642903	2.3922936669996	4.89460107041111	2.54447061903876	3.56393453941496	4.372300709881
TCGA-BH-A1FC-01	3.70543461973827	4.50333557083797	4.21940337975534	1.70604197104324	0.14917962381818	1.57440076460503	1.35890071589112	3.39635525191804	1.90769181333951	-0.0848117073648099	-0.0192944855999331	0.972603552626936	2.43616765697635	5.00092791871082	2.49230875534908	3.73141321628388	4.42569924447699
TCGA-GI-A2C9-01	3.88488888844652	4.30841056968459	3.96444034129056	1.93606550346035	0.27369800892664	1.47049522827885	1.361180870754	3.14068591036774	1.95326025408859	0.00248090039693735	0.0920732526455137	1.27284623834243	2.49473771909236	4.77750491555514	2.51690562607735	3.59024948797092	4.27354339341419
TCGA-D8-A27M-01	3.97594144426679	4.47133152688389	4.2145412173403	2.00458360497812	0.339047089961233	1.52905798960603	1.38557694355476	3.45549699678576	2.02575710930074	0.0442326827859694	0.139428777661973	1.24777503152318	2.52084999129367	4.72616216856638	2.44373242126381	3.64189161653026	4.20987510021454
TCGA-AR-A0U4-01	3.88285747703743	4.36860081997381	4.07147979187528	1.98174393910113	0.361545160287094	1.42322098978069	1.31720558210117	3.2944438218823	1.70690873466927	0.0318991849058263	0.107429517846161	1.18482281007494	2.51310268058096	4.93199086718807	2.48611242686917	3.54071933554336	4.32483093975998
TCGA-A2-A0YE-01	3.7204165087378	4.09474613528492	3.83156833234817	1.81635947333974	0.232604916402968	1.176969493045	1.03974166703617	2.84471194809868	1.69113008525748	-0.0442050867245697	0.0292265500409038	0.954382460644191	2.38990842676744	4.76485276284322	2.36641495271768	3.33529023855759	4.29217214856995
TCGA-GM-A2DH-01	3.8775820460275	4.50257428084703	4.11385520145676	1.77024459230733	0.316241001380794	1.32384804786085	1.34296945249836	3.13000621961929	2.12698297680508	0.0356839618185816	0.118921696992458	1.23916574395342	2.67947990491779	5.03856316261819	2.65756484410957	3.66816669500201	4.67293179428789
TCGA-BH-A42U-01	3.88253236047702	4.16231886882526	3.74895109860387	1.91063405100109	0.309378038357773	1.07658359570162	1.26305366059829	2.71841381051704	1.90921586632988	-0.0601872408203342	0.0648377377608353	1.1560224854289	2.27249177523241	4.30005511037008	2.00407183800803	2.99119401154715	3.6782082988628
TCGA-D8-A1JL-01	3.99759572184006	4.37032826494208	4.09946034009602	2.22711952651147	0.177993037668157	1.23280913283801	1.38030450125211	3.07219839164931	2.01310016690174	-0.114597372607987	0.0115380705674161	1.31472022434148	2.45290468235413	4.89477710183512	2.64878593008662	3.52333056207571	4.36098017803161
TCGA-BH-A1EW-01	3.87728801134539	4.26257747169329	3.91186213486974	1.8501599526747	0.356666324164583	1.26286332024528	1.20363001109627	3.00659038128634	1.66662828523958	0.0641905176190615	0.155093028345655	1.25709329895891	2.39756313250566	4.72309351961575	2.48196284955136	3.39874121108554	4.18982821983877
TCGA-A8-A08R-01	3.79284087586384	4.2549328956512	3.90220142099854	1.84271167585364	0.19436516093019	1.45047516492389	1.21817345733444	3.19311456275209	1.77063784876745	-0.0783566784776515	0.0330083014684392	0.89042710676996	2.33285539610887	4.75710960681113	2.40000453087296	3.64328889327717	4.35954469261181
TCGA-E2-A1LH-01	3.70318721966569	4.00870503246988	3.66945425722045	1.85149315640339	0.352552099253442	1.30035470958281	1.39588986922056	2.92648583905671	1.60861581301198	0.0202695111974896	0.139599252515745	0.985804004822121	2.48989471688617	4.54453873166101	2.25400313630247	3.37534872310573	3.95672301077735
TCGA-AR-A1AY-01	4.02853619837645	4.68208764736439	4.3305011695093	2.13746649717383	0.173395077763055	1.65414179055873	1.19290122942075	3.44261202078121	2.25366766413936	-0.099589087518152	-0.00909494269669783	1.17334822049642	2.60277082883636	5.14994076972549	2.67818911104363	3.80073373233688	4.64140322437793
TCGA-E9-A5FL-01	3.74025360425752	4.04978552595222	3.63653795386416	1.64516018359212	0.242267498809788	1.21205798377352	1.38226158520019	3.00099276980915	1.8817136026253	-0.0969016889921099	0.000131969544814656	1.08863607619616	2.54601488433939	4.70129149507578	2.34941454646837	3.16648271531699	3.97368652100215
TCGA-AC-A7VC-01	3.90058731991666	4.48827340953689	4.31196531603598	1.8447697942203	0.176964231384727	1.81692894098279	1.29050884397718	3.54035680950008	2.29505115004639	-0.149021780853579	0.00892294495433514	1.2621116768186	2.53011849403931	4.8086067944948	2.46962418169899	3.57227978594331	4.28527122947852
TCGA-AC-A2QJ-01	3.65021131240542	3.70884242655349	3.44285526627162	1.45448050617856	0.238935352716101	1.27615852922598	1.20085672072224	2.86241847120897	1.71465451092139	-0.112043616452882	0.0514890447814536	0.749661918601667	2.28409522148288	4.30642691815563	1.94362337875132	2.9094711520892	3.70341182231244
TCGA-AR-A0TU-01	3.55174561967932	4.21109566129051	3.88494257410784	1.63428333493744	0.098030111568612	1.27770109512723	1.32033612166201	3.14161784727106	2.00729541456247	-0.146011102196594	-0.00417951468005986	0.943446073569655	2.37778674278032	4.94094707727393	2.54386259853783	3.61989515865206	4.39522840342539
TCGA-AO-A0J4-01	3.95415870777178	4.47684736818904	4.08919331040641	2.03910137567295	0.25558489113723	1.59559729534092	1.40591531426047	3.349320199319	1.77692792847528	-0.0361697605247439	0.0640994437143416	1.15447682456436	2.492492441514	4.72071284444197	2.56752219622334	3.55781635448077	4.20208697589893
TCGA-A2-A0SX-01	4.04997969967189	4.64048764887997	4.35039437621294	2.11845706581934	0.296004663675194	1.5979748629246	1.57819641956407	3.44973174104057	2.15083123569225	-0.0150360875192183	0.0898696261128947	1.25779942019704	2.59709617046771	5.01158806743335	2.60295882933969	3.9094711520892	4.54100083270983
TCGA-BH-A18G-01	3.70584441678645	4.22734820508257	3.96381587419222	1.64801461469187	0.252757177532206	1.20426505409157	1.37538391048904	3.02748339735852	1.90152315237662	-0.0590722072966615	0.0474828076630775	1.28828021020569	2.57628341047631	4.62333341085841	2.20106382156327	3.34846303317055	4.18498151853337
TCGA-AO-A124-01	3.90046417781262	4.28393585474395	3.99299517847439	2.10740487555881	0.264993129303321	1.27312569339203	1.21381224717551	2.87256666214852	1.59001030877026	-0.0498841341971465	0.0515827009705822	1.03882237117683	2.46462745460306	4.76908059064796	2.41069441194037	3.26748370674862	4.29111562987578
TCGA-A2-A0T0-01	3.83305652153977	4.29712097943122	3.94939393780821	1.94782314986515	0.27466342097117	1.35485980882268	1.18251803337888	3.16702319733744	2.03186099428776	-0.0899041398844632	0.0154211087895351	1.19194054294729	2.54027743629782	4.88101308150807	2.48499807376832	3.46260422620176	4.34674353063418
TCGA-AO-A12F-01	3.8949428070821	4.16786013236421	3.66663887488423	1.91059337900777	0.232518244373887	1.22988382044309	1.12707360681028	2.95783512888505	1.99576255113187	-0.0850543251925741	0.0279953558816412	1.02261750301425	2.42266280761342	4.74196418407386	2.46855691750947	3.26146654942981	4.1842853917983
TCGA-D8-A1XQ-01	3.84952429342717	4.21788583064641	3.91100576627012	2.02858475107124	0.246811030285816	1.19788763406842	1.42049557424377	3.02152769117742	1.96529787137005	-0.0168379884023304	0.0706678518626915	1.30984847723746	2.2939233354971	4.71564759597637	2.37790418921057	3.35244203003803	4.16115790134062
TCGA-A2-A3XY-01	4.03764967150912	4.39523538190849	4.04763131814797	2.05538040190272	0.244155508088883	1.44192512819025	1.26326223709045	3.124484229582	1.94161477540052	-0.102531320356843	0.010536359350463	1.11896364922845	2.50754322696439	4.84968640502867	2.48750444598692	3.40377926831277	4.21965224927375
TCGA-B6-A400-01	4.03480890046949	4.53156009516421	4.22931680175126	1.90981212787798	0.161486783761592	1.46007237032086	1.16114641081465	3.08602260874051	1.97157751458796	-0.0882040647109414	0.0237229326002766	1.00679570754913	2.53410545454907	4.96251516050064	2.46504349631119	3.58177998939409	4.35292996931377
TCGA-BH-A0WA-01	4.05293061575427	4.57749174198997	4.44285526627162	2.18255495903499	0.144190158759965	1.42180046624331	1.4262598337991	3.24493046725049	2.11307143445052	-0.185397610853722	-0.0566766374455242	1.4172143524345	2.47104163547772	4.8992885160453	2.52467123703438	3.86317322258405	4.49086420774886
TCGA-BH-A0RX-01	4.03545885932898	4.20895791429415	3.89672937481044	1.88920766726737	0.219105330422847	1.25867654682682	1.54429694704497	3.14929513857259	1.84503531011172	-0.0793676136821178	0.0160805555548174	1.03456518020194	2.46167226137927	4.64136405810517	2.40613638656892	3.25617346892582	3.99223548377104
TCGA-BH-A0B3-01	4.0193664325919	4.43786989230143	4.10481676845702	2.09881323459022	0.245446385011116	1.18827797289634	1.47207046424081	3.04037350425376	2.25196702488567	-0.0842827100520379	0.0136360655794571	1.24680993062744	2.55433494865454	4.93301857733725	2.476776373723	3.62890305533088	4.39353356811002
TCGA-A7-A0DA-01	3.76995788881929	4.24666426019359	3.86423946773559	2.00984460441954	0.236826590545816	1.34304424105269	1.12144799801322	2.96645992608363	1.82369392876184	-0.10841542052608	0.0277466065311274	1.20021507407556	2.31370648083365	4.65729298196325	2.33634287901393	3.54585716451513	4.23653875046149
TCGA-D8-A1XK-01	3.96316180638117	4.50111379149152	4.21596166038087	1.93762208007312	0.217372554645823	1.31545551365582	1.53566595607526	3.27455722621144	2.221069820244	-0.0365149103556654	0.0533375920456637	1.51513646995804	2.62987337503844	5.22222655194658	2.84546995299176	3.77720130179138	4.55509406602765
TCGA-BH-A0BG-01	3.89385227989488	4.38397285522562	4.03076104872022	1.9041516504412	0.337093196413138	1.48108528905166	1.55220214591634	3.34342321423338	1.4928072063175	0.0197717661041886	0.0984828831768667	1.07005462789334	2.44615384853973	4.66015481507909	2.3751732309532	3.41345218650619	4.16212439938161
TCGA-E2-A14N-01	3.74520780167534	4.25715367028901	3.91611223114389	1.85067598690719	0.288353535629309	1.06602822037167	1.30793994141261	2.87738609554107	2.08427693464913	-0.0256658848711902	0.0468147781407867	0.934387712922867	2.58525561760599	4.89762192710455	2.44156726680098	3.5291927032453	4.50923633759235
TCGA-D8-A27F-01	4.13570384001089	4.62319652302668	4.18203536286721	2.18216223656538	0.227325398613837	1.61696673188259	1.38647948037628	3.37311840681544	2.11801610187482	-0.113774464950412	0.0289409274900317	1.22519899612106	2.48097433330133	5.03091585185389	2.63330517717953	3.58243095724555	4.38196362975911
TCGA-AN-A04D-01	3.59589530251738	4.12412234957176	3.76774824727707	1.89231456163599	0.307602060593551	1.14831947546147	1.30773295133828	2.7930565721032	1.91208100633624	0.0261446603568037	0.108188964377451	1.23412397114136	2.5650434402148	4.91633338827575	2.64444624582663	3.57143082436568	4.50837481335983
TCGA-A7-A26G-01	4.01440190069235	4.59293248333636	4.33462617373167	2.21438148474877	0.215240809921649	1.43192459378789	1.30621907594416	3.28725320418385	2.19490623144335	-0.0990344427314566	0.026031898810305	1.69638448179984	2.52308800754218	4.63456757758058	2.45392228054995	3.46965077997235	4.17224120364152
TCGA-A1-A0SP-01	3.90748110546885	4.49187252409312	4.13269024209109	1.99274484537451	0.369845715633403	1.46175669587608	1.23906551417207	3.1537462546258	1.98059099244376	0.0344181081136688	0.116806434594793	0.904348843088823	2.5113967543906	5.06622830443402	2.67331993533889	3.77224968532386	4.48723508382056
TCGA-AC-A2BK-01	3.64214538024267	4.39177841215155	4.26038503020097	1.84494628286506	0.210798856086479	1.5553371213641	1.38056717777819	3.41088682939663	2.06381510087616	-0.156923579811939	-0.0310108036352988	1.38546410344233	2.51342225579295	4.90493348077253	2.71004358056242	3.45520637494315	4.49622976779888
TCGA-AO-A128-01	3.69177484308644	4.20805638691339	3.89527992113175	1.8491213333293	0.221928401048746	1.21884740504281	1.40334837989919	3.07072917840048	1.90009235838175	-0.00139654785121253	0.0956613363087306	1.28532391483888	2.43905856346153	4.85270984031197	2.51766310605411	3.43162064603002	4.31672627774047
TCGA-AQ-A04J-01	4.00308930305324	4.43708876199751	4.05988518077508	2.235710973932	0.316527670687354	1.21259464777791	1.22047001062613	2.90955076869148	2.17765141077523	0.0137182036767487	0.103530442357247	1.34483051589124	2.64392569506682	4.79113027514948	2.58529087851032	3.63670362626696	4.29614734916021
TCGA-A7-A6VY-01	3.86514110776492	4.23116758204026	3.86768763143821	1.81389727273911	0.207533110191346	1.26652685838086	1.34508747938871	3.01193925387844	1.92448493357265	-0.0923341692298403	0.0427866557696378	1.14306481663581	2.54490788650258	4.90391321597935	2.41465913218077	3.34865937312551	4.23106553094626
TCGA-LL-A73Y-01	4.06148463732778	4.4483013954947	4.15205832618969	1.9281403526961	0.354321477405396	1.65570566998149	1.14831282011401	3.24570356869526	1.74069449890539	0.0325441369120583	0.148046047451557	1.09971301815188	2.33338097426739	4.52038890153993	2.26083514857254	3.43983191730216	3.97829019650209
TCGA-AO-A1KR-01	3.6876959816794	3.99584581620724	3.54190711169274	1.71892261095598	0.273749893326182	1.00482162025586	1.41876396734959	2.72323685300535	2.2300316725516	-0.0445459785873465	0.0501925611321172	1.08113107705382	2.62463829944528	4.87410628158479	2.42074192564391	3.45747493107323	4.49425636683442
TCGA-C8-A3M7-01	3.82089312946183	4.30965408231848	3.92838261593287	1.98876093639262	0.341450542228485	1.37413148009103	1.32489181591611	3.13296792481584	1.65904881539772	0.0118623292753766	0.106837948835789	1.22395406959786	2.28146707300022	4.53666159136958	2.22500016230914	3.40860831192562	4.02739763155907
TCGA-A2-A04U-01	3.66744826674538	4.10847967979434	3.75657781523912	1.65719222338529	0.169104508565026	1.21337218448028	1.10540822128839	2.82510542428032	1.78023486854045	-0.063215984594217	0.0304256917228249	0.878189708748105	2.56256529138601	4.65854903633588	2.24556560329194	3.48095154229194	4.11783083176894
TCGA-LL-A5YO-01	3.81429161292939	4.21113864866374	3.91371668377134	1.72309715783274	0.332784927197414	1.10882777130284	1.56160258331963	2.98036238651966	1.69525618672669	0.0876238145478751	0.155759922090995	1.21167724143146	2.35943418440274	4.64496552517063	2.40778066729512	3.23888079816801	4.04377618745679
TCGA-AN-A0AR-01	3.47722436745745	4.02469404996196	3.62386327069156	1.61186389224053	0.232987572031769	1.05831265346295	1.26618657654447	2.6579198611299	1.5779172422284	-0.225561075466216	-0.0682691608024636	0.860443523148931	2.23688803055873	4.63078515156909	2.35823960852317	3.08744786710758	4.14925671691016
TCGA-E2-A1LS-01	3.60562835702146	4.04627112342065	3.74108647993076	1.6669956245529	0.283642336363204	1.01574609793366	1.22669138831181	2.71287309520468	1.57976004441483	-0.00489271991779638	0.0782546449230138	1.15922937304287	2.16434319798488	4.41135611280892	2.17866585261461	3.11222625643703	3.98507713034407
TCGA-A2-A0D0-01	3.89936456066875	4.49561958760814	4.14516544254329	1.81076464612786	0.122765717636603	1.5658625494072	1.32904782979672	3.3208460027097	2.13271138172302	-0.14867980272775	-0.0361985383153371	0.855394082420473	2.4407485336361	4.99957425431302	2.52679674588902	3.61928294355338	4.22268176332271
TCGA-A2-A3XX-01	3.82892572617365	4.189431253582	3.84917564681816	1.92649525785293	0.255953589247883	1.33806998262829	1.44400352641156	3.09147131962215	1.76719170738435	-0.129090590638614	-0.0123975581037905	1.09655987767557	2.37420472381914	4.60548025501547	2.4258695043877	3.20588415382044	4.11015347725893
TCGA-AC-A2QH-01	3.17842799720103	4.2570463724014	4.19226662565106	1.33235517554992	0.196051474179891	1.92396195142745	0.758150102676509	3.43666816876431	1.93494274428333	-0.129529529938488	0.00857837125134295	1.11135162463441	2.04266789821211	4.78553142708997	2.47671717829894	3.8147081350794	4.6782082988628
TCGA-AN-A0AT-01	3.9513125236738	4.32658814093287	4.05604937343061	1.85992964958242	0.24242329158372	1.33547685045437	1.36170736779371	3.18346980460256	1.62808940065831	-0.0500584766722298	0.0575260383628084	1.06239471763829	2.43174675969289	4.88955653026346	2.77010735977321	3.32457761362045	4.10959106313592
TCGA-AO-A0JL-01	3.67876266649706	4.09392891898524	3.79743003623528	1.63869141221697	0.190060050991629	1.31878886358399	1.2252926700139	2.91617897612521	1.66277815592402	-0.155302770727183	-0.0378892425216447	1.06456248096875	2.28190466123034	4.56177209044301	2.29236583416831	3.19866603603095	4.1035997335559
TCGA-A2-A3XT-01	3.8056180403804	4.35169783820615	4.04281636264277	1.9495924147177	0.238520310022036	1.3215442720362	1.28564340982844	3.07018418315816	1.96945911902412	-0.0384640532957992	0.0716797558166625	1.0441654807012	2.48357381190403	4.7955827541351	2.17491171609892	3.64160946257338	4.48509897728364
TCGA-EW-A1P4-01	4.04413892418739	4.6741428882657	4.30577365603587	1.80272699140312	0.281562333545727	1.4733265611448	1.62436996745085	3.4473756178395	2.33827041833392	0.0679552145171318	0.120380418689127	1.27404801139715	2.66905709395127	5.10896592681609	2.57403194871344	3.7822238354878	4.50425717543257
TCGA-AR-A0TS-01	3.97488154611143	4.36253486743805	4.0223039598639	2.25357103865138	0.178140881800205	1.25959193284871	1.22418057030597	2.95337124384898	1.79896381384329	-0.122330114386478	-0.00246042433149049	1.30449421103207	2.5268256561908	4.85153719292968	2.57953749993341	3.64468843226848	4.41243289827948
TCGA-S3-AA15-01	4.09500706119244	4.57202619972166	4.20883456001636	2.10737291881479	0.290214484769816	1.40277432015363	1.50836653799411	3.257438511786	2.3698228338263	0.0346445481604306	0.114315958981575	1.10272061972361	2.64583707154327	4.89551303197331	2.40470997130903	3.71016617086752	4.33130602783166
TCGA-A2-A0D2-01	4.00216154339255	4.54282374183607	4.17788575356616	2.01207251415104	0.160359531927658	1.36644355465817	1.38694903833511	3.16455271656356	2.11054401478478	-0.06460891547383	0.0384389805206891	1.13151053824611	2.53607733786215	5.0289336147599	2.76301435091784	3.61547642514194	4.35688566130168
TCGA-D8-A13Z-01	3.83956617904644	4.33760430754159	4.05114305901925	1.97901033567417	0.172477480512696	1.1934476828768	1.55019779649295	3.10010707854081	1.97620036426838	-0.121339132173161	0.00400132678279852	1.35057595939076	2.51874827328042	4.98020789041101	2.5546836574468	3.56161150157668	4.42081334703155
TCGA-EW-A1PB-01	3.68427597261288	4.27267085743969	3.98707292607722	1.56967423188999	0.22337215336441	1.21048598179456	1.52638034833049	3.06636057087292	2.26867683916437	-0.00549831188692585	0.0717940679302674	1.14014967826786	2.5290789770852	4.7243891977584	2.35662125152184	3.59553882582725	4.34672297636145
TCGA-HN-A2NL-01	3.65375305826758	4.50777715939208	4.13991209340576	1.6397259490738	0.259524280193109	1.71863012685135	1.22546698655117	3.36551836167608	2.07078092942868	-0.0934275217998872	0.118224747724488	0.965023942290134	2.33617720668849	4.93533993054318	2.66823219159256	3.59243508276238	4.32995302421429
TCGA-A2-A0T2-01	3.79954153663125	4.05327313221224	3.72973966030757	1.98720165138842	0.206848845819213	0.923961951427452	1.34599965146717	2.6478529112746	1.9788095206578	-0.18448280250205	-0.0593307770628817	1.20151121148037	2.31313909976101	4.48871041979693	2.17066241303723	3.32281149706825	4.0503241590165
TCGA-AR-A2LR-01	3.95614771611416	4.61106555295801	4.36205630474059	1.86834773978871	0.217683010287733	1.72284698423373	0.999754646342357	3.29164655654945	1.9551739324215	-0.109834041913993	0.0169242588601482	0.991899801425744	2.57447519044624	5.05770659731028	2.66696880772279	3.78557897451593	4.51651203461471
TCGA-C8-A1HJ-01	3.91890734664034	4.56795809469082	4.21678374506583	1.91759115334533	0.114630493733137	1.64144014829991	1.26584599370769	3.36153762111443	2.23028561266055	-0.155936652421747	-0.0653424159382462	1.08544612503328	2.58426142722004	5.07703169129014	2.77766140374031	3.83841360175357	4.44060529961274
TCGA-BH-A1F6-01	3.93426549425002	4.43633935767152	4.08335807323577	2.05849880463768	0.217194018671802	1.24039529780928	1.4233825121592	3.10484308591154	2.2500765623037	-0.090414466767105	0.0202093788651575	1.25995408191381	2.56067804570315	4.79608190048812	2.55631481553233	3.5942929541637	4.22365267304995
TCGA-E2-A158-01	3.39338765271874	3.96525896566086	3.62369652225919	1.96383142382958	0.231488067949088	1.13782217469885	1.31388101924065	2.72314360873133	1.76612783511239	-0.126371434532074	-0.00417571791110397	0.926910582185502	2.2213169775583	4.74925013164268	2.32552877179978	3.56781857852963	4.50496694889388
TCGA-BH-A0E0-01	3.69592360192326	4.14626895555175	3.74984182895567	1.93765490853159	0.313895701487338	1.15627328591626	1.20507615067151	2.7474676659625	1.97007984008776	-0.0271653980135975	0.0824269855715711	1.27542347615814	2.50229296856003	4.79562023995989	2.5066760832223	3.57241949624683	4.42171523596214
TCGA-AN-A0XU-01	3.86523357444465	4.4191034949478	3.97548518878629	1.86305483214571	0.342276748334599	1.20296891280248	1.3285591598488	2.99322291602162	2.25273394656754	0.0239644974029457	0.0978944351925532	1.01984302631278	2.61311104366615	4.95545265161083	2.57768036910453	3.82342325405905	4.60909157282334
TCGA-A8-A07O-01	3.76536273581154	4.43178632340728	4.2095634260897	1.72439549278238	0.182857734819485	1.57311594001044	1.32829251433994	3.37030702682482	1.91662477674196	-0.159401844810327	-0.0524761789216068	1.03017106771317	2.47480542658126	5.06527657717948	2.6211162791221	3.78604210086839	4.4646234303895
TCGA-D8-A147-01	3.87667207632386	4.62422019656987	4.38565980934292	2.03225587697991	0.274364280083194	1.47857030216438	1.57259919955262	3.40367166306351	1.99523415270946	-0.0409496399745719	0.0661979216007835	1.32743859773643	2.49780566447338	4.89646698705362	2.74308771755364	3.71623721939308	4.42620350596124
TCGA-C8-A131-01	3.97311571284995	4.33816062640155	4.06631553217694	2.01031284080208	0.294223884241503	1.34218233365409	1.3461508243949	3.16249874938744	2.13634949142574	-0.0600459065239932	0.0291039293511403	1.20743022753548	2.49710951593803	4.76377434217455	2.32411665745863	3.47676658793102	4.20880662974453
TCGA-D8-A27H-01	3.98234022258012	4.45733713303298	4.12584101520759	2.02457205575302	0.291897837133496	1.67393533669054	1.15846507243623	3.33417108702514	1.86620850502539	-0.0279225752587402	0.0847975589583038	1.20476676810856	2.49259892931294	4.67251501729623	2.3336090684656	3.63680132251	4.13373257201254
TCGA-B6-A402-01	3.57915400820505	4.10104651821797	3.7321026137056	1.69426111693274	0.341020961744687	1.40171557115891	1.19204437086951	2.96348059180256	1.39810299101178	-0.0512969551291636	0.0583887993949243	0.769031150709069	2.21953642059251	4.55902216031532	2.36400780765287	3.3557977726501	3.95886292310432
TCGA-A8-A09X-01	3.68983292707481	4.23045576330215	3.87467814321675	1.7708149620249	0.258632752307005	1.25580546229191	1.26181967692644	3.10124801414842	1.72158577201386	0.0937969264641937	0.144109274242924	1.14947684269825	2.26830292869079	4.61436793065997	2.42825134077325	3.39384462707295	4.00993831038703
TCGA-E2-A14X-01	3.90155692356083	4.43034770048573	4.07490985059031	2.0551397182908	0.27941263684739	1.39163293655815	1.27210458799773	3.1110343841276	1.83288967265705	-0.121271161832566	0.0107042303835023	1.14641799979808	2.47451826919326	4.88561039815592	2.58426139678754	3.6543684798904	4.36914524815219
TCGA-B6-A3ZX-01	3.84182752032792	4.3851954767253	4.04367342204348	1.95839942705661	0.273359310019553	1.41259371332458	1.3203137606896	3.04974924967173	1.95896574765406	-0.00142117961838307	0.108975486528704	1.11278771020729	2.49888232030577	4.90224996638151	2.37431058964886	3.71409567319946	4.50736974387305
TCGA-D8-A1JF-01	3.63121147468676	4.12644623440649	3.85167830445279	2.00259980467677	0.224753754334103	1.15867134906627	1.05006757238164	2.86324196444157	1.99467138978905	0.0453675499628667	0.0812705454203889	1.34429308423704	2.23358738327242	4.47394876553819	2.44975927936586	3.14148873546409	3.96263922884042
TCGA-AC-A6IW-01	3.81074188957367	4.48396568582088	4.16000329156511	1.88843261031891	0.272380314546592	1.46973270132568	1.69164020916415	3.41351405124635	2.05852689555878	0.0168422673758402	0.121498461621481	1.08845065576675	2.49148940962572	4.79307941725939	2.3791366248271	3.66395899687775	4.30297294781495
TCGA-AO-A03U-01	3.99656840662909	4.34903894375802	4.1600982858708	1.78353257927014	0.34838360772079	1.24140372108332	1.45150711180107	3.17875725245267	1.84066916682856	0.00916449454794321	0.121816149468186	1.37643015804653	2.37322668974315	4.44925153882299	2.17712317854889	3.24840341726871	3.95288003973359
TCGA-AO-A129-01	3.84138178016725	4.35391610975351	4.00362886122438	1.93862298566177	0.208803465215994	1.32751658863909	1.51718935122114	3.10373399087635	2.02314655415505	-0.126263744583249	-0.00960566792479606	1.00322869369727	2.44831564821064	4.73182343182029	2.36098297713924	3.59654154864302	4.22105389115999
TCGA-D8-A143-01	3.91282375183015	4.21226149742137	3.87910221902722	2.0598170648534	0.212020163847803	1.35628850881484	1.43505846743508	3.21709893850032	1.78024088735877	-0.067528102173936	0.038983260674781	1.06826487960852	2.61298274454914	5.04318433627556	2.61701387484804	3.45855618046576	4.47484971822771
TCGA-A7-A6VW-01	3.84939131636985	4.24368902722281	3.94022298915547	1.86915976003523	0.154822893525455	1.21770057609303	1.50755878549002	3.05345213995348	2.15210649357046	-0.161420707215516	-0.0268438562926197	1.04854544960262	2.47074740551114	4.88679906016947	2.41905447568887	3.50104670622659	4.28095210345135
TCGA-GM-A2DF-01	3.74786189729031	4.04809363702005	3.77886704012107	1.96034572093263	0.262372562737753	1.06539786447184	1.30499204274144	2.75714440443257	1.74965150914375	-0.0499414277529174	0.0686608311993375	0.878767034889422	2.54218235737497	4.68660693957232	2.24636195168766	3.50350838173507	4.25394829680986
TCGA-LL-A441-01	3.72096189750817	4.22271833947921	3.79760710129767	1.77008437431189	0.233814033556287	1.37430481015755	1.22754383581594	2.94055361457	1.84311026692814	-0.0669590852304777	0.0411721780089399	1.20506173365663	2.31585668385135	4.73361299101711	2.45946049962468	3.42419992621375	4.22051250691034
TCGA-AN-A0G0-01	3.79627231321845	4.280625167766	3.91038053746123	1.82378088464254	0.27915105260643	1.60051680091856	1.10382187609216	3.21940056512443	1.68495156377385	-0.047884632480552	0.0609728259092011	0.819608611293388	2.44866203284336	4.91045114186913	2.65304411776722	3.40654595484425	4.35495982332051
TCGA-GM-A2DB-01	3.66180266753274	3.94525245193906	3.67944949334804	1.8291959007649	0.347262592938246	1.03852625634435	1.32290971283618	2.79681899524216	1.54559051425082	0.0158196894328051	0.101872148181684	0.812062379870643	2.35396979492471	4.54265044238142	2.21655618149744	3.14449027532227	4.03826144533831
TCGA-OL-A6VO-01	3.75350209279644	4.2635704950897	4.09302275775991	1.91621604793015	0.195307958402954	1.17607040929534	1.66595291676535	3.14376143670987	2.03090992034051	-0.0911255011793097	0.0195989811863379	1.09938601010775	2.31665226611657	4.92556704582673	2.56063732917611	3.54712929397257	4.43454776723854
TCGA-BH-A0B9-01	3.75944299756604	4.53412237879875	4.16451558065337	1.75129080726301	0.280107221441049	1.41825413410471	1.60892621288657	3.33829110659481	2.05510579047169	0.0183312808407632	0.0791823967407087	1.12369479127379	2.51727029415007	4.89882593930799	2.63517127508584	3.51792567180407	4.27416004761588
TCGA-AR-A5QQ-01	3.99846096304496	4.45596012218002	4.09123594745908	1.88899412891031	0.239089706575192	1.5286629673413	1.44504459128795	3.45076062127996	1.91202868621283	0.0482367804287497	0.154683490305563	1.00745178525127	2.70234759734934	4.85343884678402	2.52081260469422	3.15785827658591	3.86106497201034
TCGA-A8-A07C-01	3.89003359546651	4.47796422756543	4.16254916411823	1.9685818808646	0.160170326806199	1.61353313191629	1.34385421456571	3.40503193703046	1.81733552445198	-0.0835936750461372	0.0204326828629146	0.981938596193936	2.38001352819527	4.99723610234666	2.56647172116232	3.67261610270183	4.36427685860237
TCGA-AN-A0AL-01	4.03457768294459	4.29362072746318	3.96586772879682	1.93140228354519	0.330725305042432	1.46781943433909	1.38594270680949	3.29006464693878	1.94951814352874	-0.0208702597852613	0.0709739025318254	1.17308608240016	2.55524468391864	4.7847637727828	2.48445508856355	3.39282172268172	4.14053269180997
TCGA-A2-A0CM-01	3.94975093748367	4.55151827557233	4.23564533425166	2.05485944474585	0.224265961432492	1.40554354527247	1.45894249995374	3.25309879361677	2.13176281980575	-0.0723601184196007	0.0278559477042044	1.33257401785079	2.69452509546633	5.07815066495399	2.61233957893927	3.78334625964053	4.52393347425536
TCGA-AR-A1AR-01	3.95850533320791	4.57686332803917	4.20446354002613	1.983165000812	0.22696120215288	1.44038764464992	1.28418051781664	3.28504975910908	2.27642444290542	0.0102052884472496	0.0843465158454602	1.23998411952417	2.65308821430648	4.96703732516299	2.51171804708064	3.7128672068989	4.42804217754625
TCGA-BH-A0BL-01	4.13026935075448	4.53619784810614	4.18181518672223	2.28799123063799	0.243706739294255	1.41757930208942	1.4624856414251	3.33552805623913	2.10548362182699	-0.0718846367176239	0.0352272997996388	1.28350050143218	2.48790248255264	4.87315807228613	2.49647364167657	3.64869215310423	4.3434167339154
TCGA-A7-A0CE-11	3.97237942622941	4.24565430352969	3.89333675249898	2.02260159049098	0.351344166694687	1.12553047541246	1.235591584881	2.79265780184636	1.91636897523315	-0.0434300009460684	0.0623081324772174	1.15947416064789	2.26449959241637	4.28940521208873	2.11018483600556	3.08619647359696	3.74468644320586
TCGA-A7-A0CH-11	4.02633723648146	4.24606240022471	3.95962763984046	1.97959755174155	0.380263241024685	1.16124307796415	1.17646235992593	2.79970783474986	1.82766503031945	0.0151041771906295	0.141681382333978	1.25060445550596	2.19898379686964	4.29932607751962	1.95825572371619	3.23054013572925	3.84594519253555
TCGA-A7-A0D9-11	4.0365570737275	4.40733992978451	4.12553099955567	1.93647689915463	0.415001014800999	1.26090034572524	1.07198311530287	2.95849668463576	1.86172482662172	0.137538204415542	0.21201124814506	1.37779371479888	2.05424600598781	4.41106625813363	1.96193099819784	3.41118225197281	3.96205199531691
TCGA-A7-A0DB-11	4.10215880512322	4.49571234944818	4.20646283248421	2.006661487549	0.400948402846378	1.41435864742984	1.16644135485708	3.20403644041689	1.855456998929	0.10269964462008	0.183004750446424	1.38025453356049	2.22611213646805	4.46349358054975	2.09091209536797	3.49205936117308	4.03322210344014
TCGA-A7-A0DC-11	4.10834109009332	4.38354956087745	4.04111813868181	2.33235517554992	0.403101410130326	1.21654979364464	1.13310278975177	2.85855634767863	1.88655128069744	0.0533019812203877	0.170846804036159	1.33354680104256	2.12321058996336	4.32738243930418	2.0135077145389	3.37957341451653	4.0165880020408
TCGA-A7-A13E-11	4.05555889269836	4.35372791112744	4.07014959163683	2.05575333795023	0.373071142104755	1.21951409164582	1.05942496270699	2.88772983634624	1.94927961841098	0.0642130920784173	0.151016902975567	1.30759332674162	2.14601287894177	4.36155363953504	1.96400850937567	3.44471906880839	3.98674854122467
TCGA-A7-A13F-11	4.05082017508089	4.43939496332502	4.18112995698595	2.18330893878181	0.371814685669616	1.26710892844368	1.0530191426846	2.88092424621856	2.01898860862918	0.0557006445855365	0.165629807233774	1.45156025450721	2.12705980858822	4.33325509645807	2.02466632145209	3.30673059305562	3.94219886075602
TCGA-A7-A13G-11	3.9454697151245	4.4445691695268	4.23148873606573	1.95838437875838	0.437060292944614	1.3283441136355	1.04265875249974	2.9623784316684	1.83934596082904	0.150494259041155	0.221717319223393	1.372879640035	1.87883531231133	4.40407186876204	1.98975642516771	3.48523916480587	4.14371658929305
TCGA-AC-A23H-11	3.92613257272947	4.40109268533417	4.08505529488618	2.08006994102042	0.374881184121296	1.34263435999121	1.1589773796899	2.97930112176161	1.87211350578925	0.0560328829683591	0.146590241158735	1.40282379981651	2.14417837243679	4.33747540509207	2.18174810489158	3.3469856336912	3.99397255159462
TCGA-AC-A2FB-11	4.01457313290037	4.40503033415638	4.09442752151085	2.17106167474296	0.392253342202972	1.24964531639768	1.20192006778205	2.9353610512275	1.81310599434641	0.0789335587916285	0.165155809548431	1.35435122358164	2.14392123135825	4.32632619292978	2.07614804391119	3.34076176567493	3.89778368949474
TCGA-AC-A2FF-11	3.98998480923456	4.37481312267269	4.07093644315493	1.98533467425107	0.306386662426731	1.25627048672721	1.19281039970734	3.03059916618986	1.85514557936895	-0.0370657337729986	0.0792843556449017	1.34035242001085	2.34179461726556	4.49697144259757	2.29920969242854	3.27721984502189	4.00029249338241
TCGA-AC-A2FM-11	3.84749013472999	4.14552591412489	3.82252882934995	1.74295221566061	0.265549403854301	1.0335227638651	1.34643260203106	2.72229574461677	1.79437771124366	-0.102610932808473	0.0167810466758092	1.17856187782709	2.20575464345279	4.26479063161377	1.93876872602863	2.98877704270281	3.72716735446243
TCGA-BH-A0AU-11	3.8255992913808	4.39654486001334	4.12912310084126	2.12359052968068	0.350479654055997	1.31596469284944	1.25393176567677	3.00835999888704	1.82108062300679	-0.0152218753006306	0.0989067787575257	1.4752982663687	2.09476800138132	4.3830404953411	2.23210588575098	3.25065120483904	3.96118100347883
TCGA-BH-A0AY-11	4.09115106658429	4.45578868698157	4.1465584528673	2.21162528187197	0.376381114490526	1.32907486483011	1.21964806766522	3.03023179844284	1.88390406096238	-0.025646105918564	0.106615369340183	1.36919701861608	2.1953312310006	4.39924548160209	2.06684415629438	3.35479795431801	3.95705143204658
TCGA-BH-A0AZ-11	3.93593468447332	4.47758732036632	4.13257421366055	2.08367246853971	0.383295221518518	1.33957337907062	1.1918225932582	3.00396804495344	2.09789570720244	0.0194619251044902	0.115911904426418	1.49278564668819	2.30844449126584	4.39548139258777	2.17951819763591	3.1194593545144	4.02806628670044
TCGA-BH-A0B3-11	3.93047034022472	4.39777519735782	4.16466983977721	2.09868372396775	0.396472552293363	1.25403026699219	1.31307937873663	3.0236570995789	1.66898133066329	0.0178935973675566	0.114966598399724	1.35266067480307	2.07578418614243	4.38547525061456	2.12708754995331	3.37613304990721	4.02412136118971
TCGA-BH-A0B5-11	3.92886899934562	4.33946893997256	4.13242703101399	1.88180326034314	0.443427251656571	1.18817285597169	1.08771982453245	2.91306845310935	1.7002025171118	0.163847120309368	0.255704465002563	1.43051222294838	1.91229433408454	4.38391829889027	1.9420469121539	3.36566881772271	4.04657743523371
TCGA-BH-A0B7-11	3.92881248102585	4.47400067682514	4.14420234201624	2.1692997416348	0.375044680237254	1.28110286435273	1.27287715724416	3.01440827261553	2.04545331480381	0.0266929284210966	0.130646309380567	1.47871380506359	2.30976122173025	4.49078566701819	2.3268975184845	3.2327205034907	4.03483107444747
TCGA-BH-A0B8-11	4.04509224146592	4.42588761017185	4.26543949282576	2.01453785073623	0.424513712626917	1.33883815989798	1.09963733890571	2.98459203367445	1.82210554508406	0.114614103118869	0.19437970145653	1.36372193423576	1.99907132423239	4.45926464615949	1.93329682927517	3.51215444013248	4.15733837895931
TCGA-BH-A0BA-11	4.11664064388042	4.48178256853266	4.14366192165371	2.2777830523318	0.334514907848753	1.36072283669743	1.22570612182795	3.01743405511196	1.99140627023759	-0.00681992646721203	0.0937924186132553	1.40247555325457	2.24879650259294	4.49592111515786	2.19921286650861	3.39482218802311	4.01553716495631
TCGA-BH-A0BC-11	4.05115694670993	4.40930628960756	4.11367257342471	2.14605580447368	0.362594322481519	1.24144164444862	1.18994168381177	2.93263952845259	1.94313441554083	0.00766061886529224	0.123767209658884	1.46473810760019	2.21340410466365	4.46313972941016	2.18658924359175	3.35284938279306	3.97109639621154
TCGA-BH-A0BJ-11	3.96697596708663	4.42485878706638	4.11003860491031	2.00800165128952	0.337292829259393	1.30168980373262	1.21773415802179	3.03336614873962	2.09523213832517	-0.0419388262558563	0.0883010157948757	1.56934149958831	2.28568292823593	4.43822221188096	2.23537064062675	3.2227285335141	3.96875994690909
TCGA-BH-A0BM-11	3.88900574024894	4.33263575562522	4.04405666985453	1.98754146887482	0.343788050666158	1.23735477203772	1.35429885387076	2.97141984458767	1.73312749082143	-0.0398274255422217	0.0650304309304693	1.44653920016996	2.2834700379812	4.47150185703686	2.26143147183514	3.28585425025596	3.95680062471915
TCGA-BH-A0BQ-11	4.07641146437836	4.53032917982814	4.17984738227238	2.2572243660754	0.392235908804014	1.31533288613566	1.26497194347979	3.00756551817267	2.27047611717156	0.0700423293759451	0.154104657182268	1.46495697089857	2.35531794159489	4.47490327473926	2.2680763095023	3.24264394993587	4.04735839494987
TCGA-BH-A0BS-11	3.8584486527009	4.31703656226806	4.02631720778964	2.13523926408273	0.36620486640158	1.18317964706162	1.32481902986187	2.85644877210971	1.87818089972482	-0.0696559551130913	0.0612046569559914	1.47139495258739	2.20429482179935	4.34339280421732	2.18966977218039	3.15979476861443	3.87755259597357
TCGA-BH-A0BT-11	3.82444883124998	4.26748839795428	3.92747781618791	1.93872554549292	0.291244845723855	1.11933122911243	1.2662755742384	2.8700998767089	1.80318350752191	-0.107262005419404	0.0129107213983062	1.38599697259785	2.19851334981493	4.42151503857778	2.22116120992561	3.17954206524221	3.92164533673815
TCGA-BH-A0BV-11	4.05545297288262	4.43765833644681	4.07207171320742	2.10926924457247	0.322650959062534	1.34827450830902	1.10496777440407	2.92599640628862	2.23520771249212	-0.0572690408758746	0.0544794328386366	1.52875816644573	2.38887820802711	4.47716415300154	2.18180854270652	3.33220416164364	4.06027537687572
TCGA-BH-A0BW-11	4.08967443609857	4.62810989696891	4.270167587615	2.17189928026961	0.378160562266437	1.44053882375929	1.36108619824397	3.27997906295856	2.1308548325337	0.0767882603900186	0.168138455394473	1.41209094208539	2.52982800277604	4.72806097590126	2.4474115918808	3.41676160968043	4.20250414965405
TCGA-BH-A0BZ-11	4.08107581758276	4.42795328468171	4.12952497615657	2.11406884905149	0.346984746741285	1.20605082233812	1.08419819249179	2.93599312104323	1.9264434174936	0.0240049651882401	0.120294796555115	1.4187086295202	2.11107568319792	4.40541226746675	2.0182112600563	3.33263858945157	3.92553191394226
TCGA-BH-A0C0-11	3.84160033859784	4.36500395828282	4.11846756080243	2.06342132290881	0.35019052700815	1.31708240621291	1.16524865927398	3.01854332531685	1.78762772553111	-0.0368863130214203	0.0922276033918717	1.43213991626001	2.05404638330343	4.37327543131256	2.14982127758651	3.3064420242496	4.00332484312414
TCGA-BH-A0C3-11	3.82222019431719	4.33838788047827	4.02763385716291	2.0122591885225	0.31556856799888	1.39770816856716	1.08009055545886	2.96341114615446	1.89014202211119	-0.0219850094463459	0.0809612339643544	1.48290731903836	2.10627615000275	4.37283593846766	2.20914685336889	3.2716823719799	3.99316433750828
TCGA-BH-A0DD-11	4.02266407664993	4.41709069109666	4.20285211157079	2.07721883410356	0.392623507577073	1.34595138845248	1.07645176556483	3.1072544087525	1.82461782957553	0.096486756951865	0.19951023405105	1.41933636498468	1.99690266316465	4.46193745114158	1.97708336227662	3.47175258028864	4.02548050440228
TCGA-BH-A0DG-11	3.91970194817759	4.49611834769183	4.22158214549043	2.10389229315726	0.345745198985664	1.263722133999	1.27144309727427	3.07496586622731	1.98213381636951	0.0300232820000693	0.123352343615965	1.46522895399095	2.16686474720758	4.43766496468677	2.26400291778322	3.34204160558526	4.09013110196237
TCGA-BH-A0DH-11	3.97223412884984	4.27089830534392	3.92832919839914	1.89312718033422	0.308273188587837	1.21995208196386	1.18414197530225	2.81619966175555	1.66130585881569	-0.0881047440098751	0.05237190261231	1.13725674543166	2.09470553821137	4.28851309332418	2.02162377328212	3.20981348006787	3.823696833594
TCGA-BH-A0DK-11	3.94092127938962	4.25801791142497	3.8937234330834	2.11502240080496	0.344914852617694	1.05746755741923	1.14127333608957	2.70259761222755	1.99364752289228	-0.021394978502596	0.0972739293407219	1.33780541370866	2.33614826493761	4.41491986889756	2.18929205601972	3.02372520902916	3.92829544365914
TCGA-BH-A0DL-11	3.99829702450356	4.48812404989124	4.21004756503528	2.13086148376398	0.36780418712252	1.29753861840379	1.14588328572959	3.03666366586643	1.84727330844432	0.0395207323858407	0.132823453513319	1.40695406664766	2.23258877439128	4.45596314863394	2.18799745395474	3.45971257552961	4.05330393107773
TCGA-BH-A0DO-11	3.9491823060155	4.43106511638967	4.14209774614789	2.26939131230177	0.347769968941802	1.27854535963829	1.23291004790449	2.96012610947739	1.93938975734862	-0.0052559684419233	0.112854555489645	1.50802743454127	2.15630860919411	4.43267036622274	2.20877887845814	3.29542254341825	4.04908278532259
TCGA-BH-A0DP-11	3.94085360068885	4.3289538655403	3.95641595361652	2.25082193761677	0.358267749713732	1.1796745941966	1.12329273987792	2.80821435326606	1.91584844520061	-0.00907431472418595	0.0909982506473525	1.33655599858547	2.13712687027249	4.29269659519644	2.11504162629926	3.13418023701882	3.88418812571694
TCGA-BH-A0DQ-11	3.85814635709318	4.2680451336157	3.99881017447003	2.04114519769752	0.336832247816042	1.2349564268066	1.19282943362429	2.93687987133515	1.71366660279287	-0.0474371982458599	0.0590027651442071	1.36951469798995	2.16911817971791	4.39520225502797	2.18707745469415	3.18329914810452	4.01594950871984
TCGA-BH-A0DT-11	3.98169349473091	4.43788275733456	4.07604624935837	2.21921574122781	0.360102924430571	1.20967586117285	1.26652152327794	2.94777059074269	2.07027790059255	-0.0101056100785762	0.106854565710212	1.40890114492373	2.30936141744187	4.47706231871569	2.24250194844601	3.22899202679004	4.0214246285521
TCGA-BH-A0DV-11	3.92680935620297	4.44968455129864	4.11324681522732	2.15780361190994	0.39255614146081	1.14506018881691	1.27207375389322	2.90557354653899	2.07744244273504	0.0118497810851292	0.110855618057348	1.56508999242244	2.1951443374353	4.35447942748415	2.23412913932337	3.0295613009647	3.86298755572713
TCGA-BH-A0DZ-11	3.86211865349487	4.12465858477289	3.7782316031444	1.79736600363104	0.295779268935579	1.12174375900315	1.19996462142755	2.79134157387695	1.74829217329042	-0.0630328585298078	0.0664281260083102	1.22202718620706	2.32450492586991	4.39355477821316	2.1454683762213	3.09259379482638	3.87254086499068
TCGA-BH-A0E0-11	3.92019780491444	4.13817690788139	3.84835770806079	1.95414773521193	0.288858189421187	1.12033866478756	1.19046437434395	2.77077418054888	1.73669164915545	-0.101606617234535	0.0156877467488012	1.25626888193603	2.19850772620053	4.37041797804998	2.09978616678464	3.03693352049261	3.8943331040797
TCGA-BH-A0E1-11	3.84174415216512	4.3337031457942	3.96514667323589	2.05538936133359	0.352982425792877	1.17471883687668	1.27799371731024	2.85412717564389	2.14533760450475	-0.0142655301636607	0.0842718335783193	1.58876720675284	2.28500417118964	4.30237335415211	2.22220769855292	3.00537807272307	3.78981274920817
TCGA-BH-A0H5-11	3.88159047710968	4.35469956865374	4.0479372111415	2.15341902634226	0.429572018703205	1.2723350835534	1.22056258302561	2.90890141066698	1.83779390010684	0.0461914482109666	0.14377759027306	1.35231780859309	2.23499549014846	4.38242536773445	2.14221074344027	3.16111190922407	4.05048974314412
TCGA-BH-A0H7-11	3.90089132593871	4.18813446440372	3.79985356149146	2.05657850474854	0.372208737116189	1.24953536761988	1.00151107367234	2.6922212190728	1.76168632172431	-0.0331192597173844	0.0961104231890119	1.37065412296349	2.21732977929413	4.38023365136842	2.24682013540094	3.13627459959337	3.83632314435852
TCGA-BH-A0H9-11	3.9539799401809	4.31738262478536	4.13200755995023	1.83056674776351	0.345832038676867	1.30175224877437	1.28938280944105	3.07685612180515	1.64966415851586	0.0352406695436202	0.129211986817837	1.35406299684901	1.98240744714475	4.35293499962413	1.84546995299176	3.32052880421272	3.94607130030321
TCGA-BH-A0HA-11	3.72544790878929	4.39072821058914	4.08246706298646	2.09897965327795	0.413736306674364	1.29590393791	1.2188721946846	2.91313988102816	1.96253803899684	0.037320198549332	0.145047461643322	1.49252254829853	2.27072409179427	4.44095351107795	2.34321753050408	3.17691707365976	4.05413006200467
TCGA-BH-A0HK-11	4.00133016115511	4.38172670298563	3.98246999917459	2.04046809891183	0.364636812804249	1.13558441870582	1.2883539921816	2.85909542888557	2.06324504116116	0.0086255527018005	0.106560735200646	1.42050258403082	2.25916059097575	4.42994145345908	2.14155232005277	3.18501653654651	3.81625264450068
TCGA-BH-A18J-11	4.05060208717727	4.50707261577789	4.14366627543085	2.12085194938467	0.346192573207958	1.29348846584113	1.17564147466631	2.95046611547298	2.08233715558447	0.0123777250789304	0.10982244770366	1.46674572267115	2.26090122572297	4.46657088495839	2.1909658838306	3.35515541971008	3.95653715238136
TCGA-BH-A18K-11	3.97993978086344	4.38901939710756	4.13133172732291	2.11113900497999	0.362952442059585	1.29159488365208	1.17840635914814	2.93750833210509	1.73504622287115	0.016887774730954	0.112844897705114	1.38926784531744	2.08204456708871	4.40743121707957	2.10106977621096	3.3706753166553	4.11821864868755
TCGA-BH-A18L-11	4.06013119275205	4.43923785912925	4.12217553474116	2.06405386127847	0.355656099513069	1.26694654442248	1.18416538282648	2.90895444818313	1.94783531631824	0.0454216060973356	0.137806529894077	1.35524955025037	2.1881899992041	4.3919132847125	2.00384942144887	3.32349369457537	3.97115941495575
TCGA-BH-A18M-11	4.16323174292446	4.63844566889433	4.35094430843602	2.20983504000105	0.344835189291378	1.42149553498286	1.26226928110342	3.19440348332582	1.9832376938381	0.0180172728064725	0.128242196178484	1.40372074935002	2.34630871946202	4.57763772038172	2.16148360336194	3.45642568945697	4.13315302456166
TCGA-BH-A18N-11	4.00138770733698	4.47697456994288	4.18874663921071	2.1091278462384	0.378027183782425	1.26850458024679	1.17422920712175	2.93314403341426	2.02722206034835	0.0261047777244504	0.139924489769889	1.41299719401531	2.13543439630687	4.4241168321941	2.07183423640391	3.36573781436905	3.99491070128402
TCGA-BH-A18P-11	4.07566937307519	4.4432283948111	4.25348996831561	2.07112740741792	0.400772042225308	1.32434519951264	1.15989662003266	2.96868523932408	1.71919548623241	0.0774232451283733	0.163644559971247	1.34252349274759	2.08761804737062	4.49140366311393	2.07228073913176	3.49114379736223	4.21719728004977
TCGA-BH-A18Q-11	3.99225701656336	4.51060676645129	4.20932145288656	2.18560584678195	0.388258945531766	1.34755546567597	1.24460222726746	3.01517419055367	1.95959978301348	0.00967099849065308	0.10998896581726	1.47291484484524	2.22714753714285	4.51464559121454	2.2243904150667	3.43938633825521	4.10784485213686
TCGA-BH-A18R-11	3.99956514368657	4.44197438999895	4.18000052394393	2.15152423555936	0.393311159354319	1.29790127417121	1.17084778386346	2.92503707246501	1.84320063615807	0.0476987223809399	0.158393395858712	1.48718259999137	1.99132316008564	4.43452839187353	2.15256554933018	3.41020970039709	4.10068158515486
TCGA-BH-A18S-11	4.09045842975683	4.45087654022853	4.22632716303672	2.06787992093553	0.397232489944459	1.22595179618217	1.29297070035403	2.97056272210138	1.95794110585143	0.0845206166612177	0.166782243649447	1.38534406612911	2.29483789099145	4.52494973697937	2.03289491882102	3.30841955367281	4.00540259547029
TCGA-BH-A18U-11	4.02210055821261	4.55424423803452	4.19279850600476	2.13053954103912	0.341529213264314	1.33028895118211	1.20630282141432	2.97632319480347	2.12490137079662	-0.0198824586239323	0.102417513944824	1.4118153729138	2.32345728865716	4.61565575065719	2.28931787637447	3.44852363244505	4.09209033660841
TCGA-BH-A18V-11	3.79074434295085	4.12591405382918	3.77502810264317	1.71133179059993	0.287882667971228	1.05034710410049	1.24648336946052	2.65073079339941	1.93600888118184	-0.0417172323105349	0.0658507106423521	1.38474701236597	2.18577703566701	4.22222655194658	1.98091684204502	3.00689877369882	3.71489416502656
TCGA-BH-A1EN-11	4.08949953553377	4.46489618250763	4.24703396317494	2.09116407186764	0.450842197986004	1.29693844912207	1.23526018396061	3.0233463154737	1.7102237047706	0.189957320296656	0.256699522348827	1.28296836997887	2.06952331835702	4.39413270118315	2.02327363566389	3.44317731504491	4.034208125238
TCGA-BH-A1EO-11	4.06141644049697	4.44290167514453	4.25780265325857	2.00028663497233	0.375119410378873	1.31602393376679	1.27951788327868	3.17837487225159	1.85849528637037	0.111413114899106	0.190249231378352	1.38781932132539	2.0756459069175	4.50613215351526	2.04698552967222	3.35551639131386	3.95092943474167
TCGA-BH-A1ET-11	4.01382979814368	4.59026598282172	4.35848805222826	2.20821962740718	0.394857692306271	1.3905248501964	1.24307053332971	3.15526398650733	1.86177058034425	0.0895172554110697	0.182215301022332	1.49915989099788	2.08301819377723	4.5341554532983	2.1662106905115	3.44576182857313	4.11444497795284
TCGA-BH-A1EU-11	3.96150340901598	4.47573867060077	4.20947182450878	2.14252012629746	0.380655724735498	1.3275386221996	1.21236367331646	3.01489111107743	1.83384494455537	0.0341982889402178	0.129111237242812	1.43390303194781	2.08383175499214	4.42494463345403	2.18430368438263	3.38210799533969	4.02891663189836
TCGA-BH-A1EV-11	4.09593945918341	4.55302854811881	4.23771406491234	2.29014131455466	0.402286601783972	1.35682818854615	1.23204890140969	3.13798871997329	2.08813692765556	0.0716060239192972	0.16469557988865	1.44931404124881	2.48587959770628	4.62642453277086	2.33227603166138	3.47316959015746	4.15653317681428
TCGA-BH-A1EW-11	3.95043001570364	4.43729378224609	4.10493900466737	2.17516631771843	0.362922656429916	1.23850941681476	1.1131296565579	2.91695907552409	2.04740640266351	0.0565814895898377	0.148272106758283	1.49735593908687	2.34868062191711	4.60110773118047	2.31146278659791	3.42317303837774	4.14886210641055
TCGA-BH-A1F0-11	4.04407356465347	4.47102753702544	4.19560267694489	2.11482121770397	0.38285442895283	1.2581037359822	1.22698271102735	2.99566191921327	1.93763929988529	0.0451143505280211	0.138020825666378	1.43031295228016	2.19742504676365	4.40497273572006	2.05665609489138	3.3223295113458	3.99057205939134
TCGA-BH-A1F2-11	4.09221393594715	4.570536902278	4.33671200046883	2.07704582668451	0.376693165286844	1.4007171209036	1.29011018523428	3.14929149193628	1.82881660413918	0.0630883344962486	0.153613632741013	1.43370066392156	2.16830089374971	4.5120345349727	2.07094064192285	3.45309746636044	4.17707314913348
TCGA-BH-A1F6-11	4.10788289219817	4.56748711306477	4.34252202937845	2.22081424804859	0.371740929784057	1.33272130289524	1.20803918701637	3.12288984145471	2.12925256926454	0.0858174192352755	0.171468250471106	1.5830924238058	2.3749263731012	4.42993593758641	2.09766217632458	3.54770461509263	4.08871263640314
TCGA-BH-A1F8-11	4.07723335275519	4.53740059871303	4.19477595546218	2.15987764454985	0.386690081184193	1.33819292588111	1.26099928484913	3.07588194231983	2.13761161649083	0.0649483974797713	0.150789104107763	1.4980403904391	2.36128252779819	4.48050409278364	2.20023855160387	3.36630834799346	3.98665636917241
TCGA-BH-A1FB-11	3.94506959576915	4.329207664885	4.09531505556882	2.1453615032528	0.333209441281143	1.24417059187071	1.2829139560377	2.92096190915673	1.8897585775538	-0.0260424681423612	0.0782649541596375	1.44559141827517	2.18365905413202	4.46430073101987	2.21350407569962	3.30193540720769	4.01591655878874
TCGA-BH-A1FC-11	4.05736242482728	4.41838034291254	4.15340224456414	2.09344649658096	0.335995409012624	1.21476830161909	1.27421473039664	2.96600145593691	1.83594744370211	0.0184896548210333	0.114546815648221	1.36240591884707	2.16106232006902	4.44232498667612	2.06643433032129	3.36735063412107	3.96461027794886
TCGA-BH-A1FD-11	4.05004805613421	4.4641054144384	4.22933602737436	2.1142726495876	0.408086344828335	1.25710360616852	1.23898642477071	3.01176356498	1.8677813684228	0.0580769984252631	0.148218956192793	1.41963582599152	2.09872564108477	4.3953360214849	2.07680086726641	3.36569898542346	3.99685924004079
TCGA-BH-A1FE-11	3.88661987718984	4.68445743738449	4.38959879173734	2.14516786162519	0.384233991181269	1.42032867434384	1.31024344120675	3.25918873010043	2.33820266131657	0.0746566704682788	0.170438039046555	1.74966191860167	2.3991348985488	4.57111829864691	2.45394824207924	3.40149595246763	4.16214172401035
TCGA-BH-A1FG-11	3.92981678369755	4.38312879107437	4.20058815902133	2.13396864300037	0.394275055352173	1.24313870832139	1.45466000800491	3.08323481580949	1.73436435041654	0.068797030732279	0.145991121670226	1.46173765208676	2.2533777115986	4.36546251983593	2.18599747979985	3.26162321017976	3.93010661933343
TCGA-BH-A1FH-11	4.06841133022593	4.54734517691177	4.22933814746689	2.1212822876904	0.33800568485345	1.32592991101386	1.35806498833821	3.14055917112748	2.02554022160163	0.014907813496484	0.112363342380225	1.49142801317063	2.32806539856469	4.57057326519027	2.20712006452236	3.37984180383511	3.98122342991152
TCGA-BH-A1FJ-11	4.03510435740508	4.55285651215834	4.3114331205675	2.22650777894139	0.383848125354421	1.26199321052245	1.38154903441688	3.14347073997249	2.15584017982179	0.0904990898218817	0.171985301180699	1.61436594303019	2.26452573162225	4.44581848709818	2.21767668551302	3.36936038827154	3.98581839442237
TCGA-BH-A1FM-11	4.01723868935489	4.55435081433339	4.26205756684762	2.12497384530688	0.341954135111914	1.33085942201443	1.29070034352743	3.08894941886669	1.9489959028624	0.0245807533853349	0.121073515565999	1.50848139932652	2.15552179410039	4.52056330644174	2.20999352228388	3.45476650718695	4.0531498614962
TCGA-BH-A1FN-11	3.98116699900426	4.50742173841562	4.22780376652281	2.07705448404677	0.353642132455839	1.33762284313665	1.41637026987267	3.19133029602595	1.93103499706204	0.0486449483496161	0.135693506610032	1.48372062402486	2.29003022670377	4.47987446727241	2.26863819495903	3.26373641522143	3.93762701196017
TCGA-BH-A1FR-11	4.01056963676148	4.35237198408032	4.10677348181155	2.1221832131488	0.340126913945972	1.20467100367251	1.23535211914062	2.96765510682751	1.82051578664804	-0.0219803892988332	0.0935334035697059	1.45097906756838	2.21299892012805	4.36982527841536	2.10291674436332	3.2626141580283	3.89036097334445
TCGA-BH-A1FU-11	3.98745557122028	4.51267538245225	4.22693330813848	2.20838958618348	0.332546964243015	1.33509434359461	1.22810291029434	3.04439724065639	2.08989437851479	0.00702478820044374	0.105194870312759	1.41990062267314	2.14980894050081	4.48609245494138	2.17447404026454	3.38015166677356	4.0932517220294
TCGA-BH-A203-11	4.03542400474115	4.5243435563286	4.34280858717918	2.25127395119298	0.401944887677036	1.36504571267908	1.18806181494241	3.08962175558653	1.88209244756329	0.0739227819504386	0.181846895549427	1.56391467726517	2.17948707319912	4.47739746785472	2.1815867702728	3.56850457734064	4.18176870090913
TCGA-BH-A204-11	4.09611017855256	4.52424506691152	4.2690042958864	2.12076405711221	0.395973796800092	1.37410453929963	1.15149122583183	3.06118189120437	2.02106403797622	0.119593540259813	0.199042936679937	1.39340496896003	2.20435693067355	4.46352903368826	2.00771796550938	3.5151687097852	4.07560909279553
TCGA-BH-A208-11	3.91746305844216	4.43209905902689	4.12959425890291	1.96654266439591	0.345522772242559	1.24062769957566	1.21555976829176	2.88259529747623	2.17859925629539	-0.00747530089913267	0.104220090617043	1.4930812158503	2.31154486892945	4.46438781309585	2.21649956449421	3.24894841745085	4.05444465988212
TCGA-BH-A209-11	4.09207307736067	4.53937973078215	4.29868226988938	2.26956313175796	0.368469751078538	1.24057638369764	1.23817954250724	3.0394575046833	2.00141100209476	0.0663636528486941	0.155142578905936	1.45511501898879	2.2183255728809	4.45260454447031	2.15442044487281	3.46937095820865	4.05079810075817
TCGA-E2-A153-11	4.01228295080242	4.3846155103095	4.01489403562698	2.08530396960703	0.384119186252042	1.21065914606976	1.13579379221925	2.81453341512351	2.02016994504762	0.0217688397096671	0.133476901883068	1.43221332130982	2.26080932960042	4.41227731189007	2.14239969945054	3.10231923591567	3.93244856933468
TCGA-E2-A158-11	4.14261436037858	4.46051023743525	4.1672480358072	2.15062490301729	0.40012697358299	1.38044420926358	1.09885060975666	3.03318747611278	1.987035592166	0.0641434199945167	0.170223826208177	1.37873123287507	2.07541232694249	4.46106600937919	2.02067594608556	3.4770583167529	4.08941040564698
TCGA-E2-A15I-11	4.05465863917482	4.53299646009694	4.33059815908732	2.1109346017509	0.40045416346264	1.31197300323239	1.23022771717098	3.07694185046357	1.86427083475534	0.124756614208993	0.201511507232338	1.55903379388205	2.1331302209359	4.40693258323566	2.04675681935128	3.45068707938738	4.13872902702524
TCGA-E2-A15K-11	3.9839640739945	4.27964078967341	3.97689248816799	1.93680717936039	0.299136261463595	1.20276092313096	1.31743800857187	2.92082851704427	1.67844775680294	-0.000365803517084443	0.0992195315165012	1.27415410206191	2.18858326688589	4.37021262534824	1.96652378335436	3.2424433012242	3.86618624072706
TCGA-E2-A15M-11	4.17842799720103	4.53254407321173	4.27432165209851	2.27142661764396	0.331493205287756	1.33829649182684	1.29518394140791	3.1712811904776	1.93601730545138	0.0214426354677491	0.116809938698368	1.45428180440423	2.34054762654615	4.48964919572653	2.09733160199597	3.33189526134691	3.96875503580113
TCGA-E2-A1BC-11	4.04258628983761	4.42649762819934	4.22723527247414	1.8856404035142	0.41038216767447	1.30324639892273	1.33243077751274	3.11540547827503	1.58173775673056	0.125784746738333	0.201296782847904	1.5200572468939	1.89231631624958	4.43469097784147	1.96568563985594	3.3371189812014	4.05845134680107
TCGA-E2-A1IG-11	4.13211410050535	4.53896626107901	4.25606063153641	2.19705394184452	0.421990333340836	1.30220877289255	1.27154204250793	3.06041330858708	2.06705799809183	0.0874034488169397	0.171502053485832	1.44558799943902	2.23542233807753	4.48022039401635	2.08502418921957	3.43190314657004	4.0711709759643
TCGA-E2-A1L7-11	4.01998077077868	4.5045782944963	4.18069251451599	2.17035845616687	0.373990278731321	1.24908089892332	1.3690308338445	3.02283109078245	2.11043572795972	0.015551169401344	0.110413076039442	1.35991430966896	2.33183871702616	4.45787640166852	2.21899937757575	3.08515708291893	3.89528440372877
TCGA-E2-A1LB-11	3.74264209700216	4.34369985266631	3.9889696551156	1.92561300967275	0.286569330941341	1.29775652434649	1.23688193732848	2.96332524232124	1.93160663233051	-0.0882234200332814	0.025097443207524	1.34902213344055	2.25299576860839	4.44612385656884	2.27855882720776	3.23140713217747	4.01747521765016
TCGA-E2-A1LH-11	3.81269882637229	4.28905834515338	4.08124216237156	2.07681814941094	0.355865745673229	1.21003110693501	1.33974171752704	2.96920318084995	1.67318379796954	-0.0124064381492625	0.0846295637662834	1.55963062331306	2.14995134081058	4.39295342025784	2.20647125948513	3.15037035075772	3.94357764430602
TCGA-E2-A1LS-11	3.89236308046717	4.36431869851423	4.21034518391563	1.77632677499413	0.401480357415458	1.27379623530501	1.16848621026424	2.98087076275442	1.68695575893637	0.140596652770467	0.231887218649333	1.36066963992988	1.95946244182652	4.52981702393	2.06014000860609	3.40551343801514	4.15343172273108
TCGA-E9-A1N4-11	3.7746491211142	4.43081990999101	4.18610094954833	2.01886326765518	0.396909787925852	1.3069275316233	1.24907340007418	3.02364228452526	1.90267115656987	0.0642250054050272	0.144272376435953	1.51690777942486	2.19361003352634	4.43721251537999	2.27948275477242	3.13508533828093	3.99254420932444
TCGA-E9-A1N5-11	4.02950445433891	4.55979266027388	4.13975207893672	2.06104243378063	0.315022399697786	1.50551786753033	1.16704765383034	3.13236131549671	2.2233326419323	-0.0289069360637787	0.0981769524711255	1.39093921702046	2.48656474417544	4.61395770346444	2.44113539893747	3.31294791058838	4.15709520892592
TCGA-E9-A1N6-11	4.08239840342015	4.5895283017519	4.28394591927329	2.18384757832182	0.389230744142819	1.29067643457955	1.26480242606738	2.98488856100388	2.14584771333513	0.0791357196755266	0.165144244755045	1.54824554161166	2.23943248509886	4.53494415261692	2.17696148179772	3.34325630994593	4.06576188445202
TCGA-E9-A1N9-11	3.97166784054048	4.35834748512085	4.04973950130069	2.20943331274557	0.400262639905751	1.27932919601092	1.11885724128973	2.8719701170899	1.8010579067537	0.0301969466043825	0.12570309854065	1.38095593769757	2.1420038341582	4.42724629773279	2.19269248165861	3.29498913472536	3.95493907028172
TCGA-E9-A1NA-11	4.02300628842934	4.42209301871898	4.16576757625122	2.03247618184694	0.38553473728393	1.24751711786363	1.19261402230783	2.96040176804714	1.81689349493906	0.0391023271820261	0.13264784375433	1.29632077416159	2.03176471599276	4.40296627438575	2.03491208863614	3.40948653178379	4.03885683998335
TCGA-E9-A1ND-11	3.98288279398055	4.24026573182478	3.90085945179932	1.95916155749807	0.344476576043982	1.20494032905713	1.22704735454165	2.87089005925941	1.78173261957318	0.0128693986389086	0.11066589250751	1.1676773238458	2.22117133765072	4.29581822583617	2.0197934222602	3.18802000174229	3.77564634669214
TCGA-E9-A1NF-11	4.0923768064338	4.49544536922972	4.23043096122868	2.04447399925151	0.463102692146241	1.37688112589845	1.12118265795727	3.09110297673543	1.89160892902996	0.171513585950129	0.239463589613644	1.32049895674517	1.95049145307802	4.4131909241581	1.98167997463128	3.46750507920997	4.0304287793783
TCGA-E9-A1NG-11	4.09615999554374	4.54611157645591	4.24505169449701	2.05384389715046	0.442968013766281	1.32522957647061	1.13316387628132	3.01125197167504	2.03713859817812	0.125574030965924	0.202940148919607	1.41400862598644	2.17441471554751	4.426557269147	2.03241310386313	3.36089832567965	3.94293126349415
TCGA-E9-A1R7-11	4.03334657559396	4.44017022963547	4.23010187855831	2.12292563309287	0.437446088187498	1.28616697754336	1.03847305210096	2.99016874906849	1.70419691517447	0.104712743194828	0.201074532492069	1.39256750650782	1.99348326572024	4.34161162802557	2.01414346647437	3.44683472437791	4.00708696206938
TCGA-E9-A1RB-11	4.08340672333215	4.57862614881819	4.30274229514354	2.1526794207554	0.423026736312957	1.33309661712465	1.11940839921832	3.05868253160944	1.82325985627704	0.143604214229474	0.23064140173284	1.50040910761361	2.14278293583853	4.49711140135304	2.17715748959012	3.53797662795393	4.15819507889112
TCGA-E9-A1RC-11	3.97530489533717	4.38327836605148	4.1886924874453	2.01977857967668	0.443090199220067	1.28078618107915	1.0824051594911	2.98019781118118	1.70898332627321	0.143612144903485	0.217849620480943	1.32813449088337	1.92350992590908	4.34253691215604	1.93887078443409	3.40850083193152	4.03762663950898
TCGA-E9-A1RD-11	3.99942409095568	4.350590593853	4.16530577832724	2.0306532961225	0.385721373670098	1.22110284083465	1.05480299292126	2.90405096149306	1.62176430873185	0.0892028016531967	0.174733775589526	1.31968659391298	1.99034315633969	4.34159051372228	1.98037509801606	3.40021553810357	4.03212946844778
TCGA-E9-A1RF-11	3.93529187016213	4.3741171050191	4.14348363983777	1.96891785048901	0.439247800235135	1.30953509498039	1.0293051993594	2.97765946378517	1.82248147832933	0.157524524573817	0.228438407346418	1.36708173863059	1.91315153739434	4.34455186230304	1.97213430459893	3.47915277422583	3.9981343511105
TCGA-E9-A1RH-11	3.98119388421057	4.35873023320302	4.10723196783294	1.93849490810334	0.413955710216416	1.29711064388323	1.09037569499145	2.95251106824282	1.62655333704646	0.101595269719623	0.183814637605362	1.23914849089699	2.02883830907212	4.27792383844851	1.9829213548789	3.42661429694648	3.98362277684361
TCGA-E9-A1RI-11	3.94919057548689	4.3182789484414	4.19707766774775	2.08880128643344	0.427499143307797	1.22303880471909	1.02309612514119	2.92871470297884	1.66211556893753	0.123255733578882	0.201564537112158	1.46981644915734	1.90273070817526	4.3774389568705	1.96992733082142	3.46407208088995	4.06974798845752
TCGA-GI-A2C8-11	3.65205639679459	3.98253092173236	3.73438164706016	1.48763266981127	1.09803011156861	1.0502558520134	0.953359189820916	2.55807091847491	1.38423617567906	0.774438924533784	0.931730839197536	1.235252376701	1.72970517036882	4.49876743451995	1.97264969156433	3.18924805185088	4.02445346792502
TCGA-GI-A2C9-11	4.1393088228538	4.59631094562733	4.29087661002285	2.18776232545115	0.354504034630638	1.34306728961885	1.35808369781327	3.15249647611116	2.10487547623603	0.0317023261365543	0.127893867907212	1.47217992705708	2.35327191683042	4.54183867700973	2.10784862630908	3.34309142810168	3.99947496730145
