p.value	HR	Low 95%CI	High 95%CI	coef	Gene	type
0.543800936062484	0.853712939947228	0.512330017078994	1.42257092018281	-0.158160277593075	HSPA6	None
0.12911298464505	0.782951953311178	0.570815788002351	1.07392572889253	-0.244683947184196	ACTL8	None
0.278282709417574	0.892157903071266	0.725857664862654	1.09655895713814	-0.11411214068822	CALB2	None
0.286365792558748	1.16919976775009	0.877167353037684	1.55845756476546	0.15631955561492	ANPEP	None
0.264829820919689	0.836587451047901	0.611373319074915	1.14476464937958	-0.178424220029283	MUC16	None
0.582545211295374	1.07912613006383	0.822519982576761	1.41578712888942	0.0761515747768252	COMP	None
0.264096750914364	0.857184019504122	0.654057747593338	1.12339383792467	-0.154102658225505	PRSS33	None
0.0235054127137291	0.642161459792799	0.437726104243496	0.942076189757755	-0.442915511907383	SCRG1	Protective
0.799790576282401	1.03952303067834	0.770441866061177	1.4025823088187	0.0387619836052167	CAPN13	None
0.834351823796073	1.02850612694323	0.790315611810432	1.33848406554506	0.0281073872571829	MZB1	None
0.8307375663494	0.976411441667323	0.784467063462697	1.21532100941316	-0.0238712223147402	IGLL5	None
0.85566597397685	0.975393171283119	0.74574045868317	1.27576803364767	-0.0249146366706963	MUC15	None
0.112850518570141	0.830910132103259	0.660859260378484	1.04471812536371	-0.185233634254777	KRT23	None
0.275472664315569	0.833100775472916	0.600029554550442	1.15670452701881	-0.182600665173576	SLC15A1	None
0.462172757160594	0.909624010608099	0.706648145453565	1.17090216113662	-0.0947239400075503	MARCO	None
0.0214409055006414	1.44595940110557	1.05605228148061	1.97982488775484	0.36877304665194	HBB	Risk
0.307294963076489	0.751498082036881	0.434242882297809	1.30053799458202	-0.285686621972164	TSPAN8	None
0.891174193264312	0.981089651584402	0.746334401542095	1.28968583312947	-0.0190914356368417	TINCR	None
0.641269565124812	1.08285629090835	0.774719955253097	1.51355046273038	0.0796022638385566	TNFRSF17	None
0.742299993509325	1.04181654678268	0.816095961968713	1.32996824850334	0.0409658690811823	PLIN4	None
0.0191512500384896	0.666509194007774	0.474667851648372	0.935884964937494	-0.40570134499824	RASD2	Protective
0.320927359014716	1.12851456393447	0.888838740853502	1.43281909583428	0.120902222761044	ADIPOQ	None
0.456952475378947	0.904332688055998	0.693843663307033	1.17867706219102	-0.100557968530828	SIX3	None
0.86792224842915	0.97963679867741	0.768704994375857	1.24844805789526	-0.0205733896061899	CD79A	None
0.773170113062259	0.963806050130762	0.750100645961971	1.23839661686647	-0.0368651974239925	MMP3	None
0.045392328520808	0.799667096700412	0.642406008558674	0.995425723025225	-0.223559767044445	S100A1	Protective
0.369571806571095	0.893106516305597	0.697684064070363	1.14326711837734	-0.113049426041234	EXTL1	None
0.198311452366268	1.17044653992393	0.920892641904516	1.4876273742254	0.157385334051399	ADH1B	None
0.986643173167991	0.997824847325029	0.773282282719869	1.28756916870926	-0.00217752175558243	SERPINB7	None
0.230253633804964	0.773624734255459	0.508653384922369	1.17662684883769	-0.256668362428298	ACAN	None
0.752584854524482	1.02853120072071	0.863485810731204	1.22512312039057	0.0281317657914468	KLK6	None
0.464831547615773	0.919362070244088	0.733795389433558	1.15185599197612	-0.0840752513619425	CHI3L2	None
0.220672263295842	1.14994713060358	0.919548513172902	1.43807355918671	0.139715967930156	NCCRP1	None
0.554835252086134	1.07641153564666	0.843029032437843	1.37440319311735	0.0736328566904289	PLIN1	None
0.0777227764261927	0.81223922523563	0.644670438038695	1.02336406337866	-0.207960369851008	MIA	None
0.198947282373683	1.13283013601835	0.936527804722128	1.37027871527223	0.124719046727006	FABP4	None
0.0237764647731853	1.7454670218684	1.07691900499509	2.8290475981005	0.557022154155258	DUSP1	Risk
0.143197195070404	1.37632778837412	0.897435481532815	2.11076809423156	0.319418929436825	CCDC80	None
0.0439205096033559	1.50103780628583	1.01112517743256	2.22832399606592	0.406156739733081	FOS	Risk
0.00304978480594557	1.64641954648736	1.18382544165567	2.28977789095706	0.498602958286257	SERPINE1	Risk
0.264150121855721	1.29535044398013	0.822471006844832	2.04011175926603	0.258781271654444	IGFBP4	None
0.383249669789837	1.20562233356528	0.791880534943165	1.83553597676916	0.186995893013641	VWF	None
0.179346274517308	1.39890919456676	0.857016233497577	2.28344208447126	0.335692786190605	SEMA6B	None
0.00245202591070456	2.03850231352508	1.28581806567383	3.23178822353023	0.712215378191947	THBD	Risk
0.0136566998543318	1.95639782895077	1.14768940451764	3.33495495389012	0.671104939966018	CD248	Risk
0.107427137343397	1.56461612380701	0.907239744471872	2.69832051538034	0.44764050560179	LRRC32	None
0.271989743191109	1.283492543975	0.822232257874255	2.00351311282577	0.249584912177006	MRGPRF	None
0.100998416236629	1.6218728595267	0.909977579384052	2.89069932277875	0.483581567618924	PEAR1	None
0.0987014789565519	1.63579403512553	0.912076538161225	2.93376927636666	0.492128334855022	CFH	None
0.1858847356937	1.55385932898075	0.808746118852046	2.98545953789267	0.440741725956695	HOXD9	None
0.0525219409502666	1.42689876562104	0.996132529300291	2.04394498467087	0.355503393876605	CAVIN2	None
0.275271845626526	1.37832684402531	0.774477382193549	2.45298950316667	0.320870331713255	EHD2	None
0.263929185884296	1.36749703225912	0.789683838955078	2.36809725739352	0.312982085117217	ARHGEF15	None
0.0355516711686029	1.65356589928179	1.0345724728108	2.64290830765959	0.502934107064526	ZFP36	Risk
0.0094970215845722	1.91100246018004	1.17142969363757	3.11749857686639	0.647627952635662	ITGA5	Risk
0.0932786439741139	1.68014548081694	0.916618622768601	3.07967650513492	0.518880385390343	TIE1	None
0.214307186390291	1.40766417246321	0.820579961418618	2.41477798094277	0.341931715411334	PECAM1	None
0.0757912616041196	1.84448080023723	0.938428952035752	3.62532444791213	0.612197828804011	ACKR3	None
0.074958346881126	1.35046582780809	0.970209877137157	1.87975611777819	0.300449590567267	SFRP4	None
0.217629463044371	1.33836872951891	0.842071071126341	2.12717301136843	0.291451506340208	MMRN2	None
0.193323962757927	1.48877320386219	0.817378192992144	2.71165253922965	0.397952427703401	SERPINF1	None
0.173947199266264	1.37003834418514	0.870215197679755	2.15694355780295	0.314838727904673	S1PR1	None
0.415620301842783	1.22842088219328	0.7485602709009	2.01589360599166	0.205729508946127	NPR1	None
0.101209630293458	1.54058351219928	0.91885745531943	2.58298775758986	0.432161248685039	ECSCR	None
0.0998026865455829	1.61857500790274	0.912180207006236	2.87200383880885	0.48154613739603	JUN	None
0.51401795562864	1.13385230703947	0.777507612394033	1.65351571313902	0.12562095611757	CTSG	None
0.231220854038653	1.20541912124308	0.887783872671761	1.6366993167893	0.186827324926785	MFAP4	None
0.0589034483451574	1.57037398552585	0.983167297692307	2.50829585178912	0.451313798334656	PODN	None
0.207207736484848	1.37229548953322	0.839191786062146	2.24405784454824	0.316484877494502	LTBP2	None
0.0310067387030255	1.4416542286	1.03397634373632	2.01007201705408	0.365791224117825	IGFBP6	Risk
0.11676707737044	1.46767649102751	0.908680411231449	2.37055212777793	0.383680531946956	MMP2	None
0.549396258693925	1.19098315607875	0.672045872548781	2.11063103874706	0.174779147602083	CDH5	None
0.236060881885696	1.28518630688724	0.848636801236203	1.94630240051391	0.25090369374221	AOC3	None
0.354742702233266	1.2670783542847	0.767496273735663	2.09185061978525	0.236713741798346	CD93	None
0.192984196905479	1.3027881590225	0.874827302297514	1.94010518742594	0.264506705510433	LYVE1	None
0.30678266589542	1.24600134827995	0.817212539350329	1.89977427555098	0.219939502451311	CXCL12	None
0.164453058738384	1.41645829573536	0.86703730134545	2.31403435635826	0.348159598086828	NNMT	None
0.0246849097656348	1.7951833117887	1.07743503906357	2.99106953652219	0.58510714028515	HBEGF	Risk
0.0231492173301123	2.05659481554703	1.10378485006316	3.83189009623831	0.721051612924347	P4HA3	Risk
0.042753904373668	1.64404313676615	1.01636214918224	2.65936491015788	0.497158535198606	EMILIN1	Risk
0.0185399599299424	1.55612403041834	1.07693796554138	2.24852505485598	0.442198133645213	C11orf96	Risk
0.296101031723134	1.14758602928447	0.886412931231499	1.48571128444533	0.13766063119638	ACKR1	None
0.182003830999494	1.4253266775298	0.846995122991484	2.39854526021701	0.354401034836782	EPAS1	None
0.0084810383397326	2.03323913267746	1.19871594905493	3.44874144196573	0.709630153246561	TMEM119	Risk
0.566528208756029	1.15133204319302	0.711090597956565	1.86413022122954	0.140919570493811	CRISPLD2	None
0.209936465867922	1.25230089393025	0.880970403941178	1.78014780283495	0.224982574418349	F13A1	None
0.00446128748647281	2.55883188228343	1.33903833479467	4.88979324314432	0.939550858373747	THY1	Risk
0.0580064963141339	1.85295870393314	0.979291330518207	3.50606183418852	0.616783660996136	ADGRA2	None
0.0230500424573907	1.70024930308296	1.07575016587035	2.68728537940334	0.530774889182607	NDN	Risk
0.206637237104799	1.38555581094806	0.835264536779669	2.2983914924169	0.326101366680692	ANGPTL2	None
0.13522608923528	1.44238729389021	0.891983749019574	2.33242041445563	0.366299583862492	SRPX2	None
0.380296545200727	1.22492804649593	0.778529655042145	1.92728524774193	0.202882104717231	DUSP5	None
0.164577016111563	1.36616700866613	0.879863731524922	2.12125154009136	0.312009014777906	DCN	None
0.0151262820976421	2.11681642598349	1.15591482418969	3.87650689094214	0.749913274166801	PDGFRB	Risk
0.0929112348380736	1.53489285410913	0.931154152680682	2.53008169142879	0.428460576719596	CLEC14A	None
0.0186638003003381	1.88068289892865	1.11106851517092	3.18339338936139	0.631634954995673	HTRA1	Risk
0.121062237053274	1.48149397963161	0.901357529981547	2.43502088647293	0.393051024325362	ZCCHC24	None
0.234077868828516	1.36164634010194	0.818920407695907	2.26405489237909	0.30869451182272	LRP1	None
0.12189571979818	1.5842233714765	0.884378060384682	2.83788551882515	0.460094300796496	SSC5D	None
0.330471507569966	1.30327423080242	0.764455921103747	2.2218726728171	0.26487973709053	HEG1	None
0.00510724664576105	1.65534954017954	1.16326898638876	2.35558768628331	0.504012189054315	VEGFC	Risk
0.191986338048708	1.33820599745444	0.863892382535211	2.07293793512531	0.291329909089039	SLIT3	None
0.548366114366071	1.14303186236848	0.73870498096361	1.7686652615842	0.133684260512053	SLCO2A1	None
0.432915414656752	1.13807581119176	0.82372803602231	1.57238371814347	0.129338951404207	CPA3	None
0.235096831937979	1.33969695003501	0.826709661316327	2.17100150381135	0.292443431695251	APLNR	None
0.00937033080675598	2.73381862156205	1.28025183887226	5.83772975650078	1.00569939431687	TGFB1	Risk
0.360511925358477	1.28436511069034	0.751135689069912	2.19613281802812	0.250264518966999	ADGRL4	None
0.18530549377882	1.34692984399654	0.866876152700317	2.09282490814546	0.297827812921545	SVEP1	None
0.449129035081899	1.15160406561586	0.799013564328549	1.65978649568663	0.141155810155917	SELP	None
0.0123817685666779	2.22856681136702	1.18931145433243	4.1759540906081	0.80135869337554	LOXL1	Risk
0.122582086155827	1.45684243974372	0.903605810305544	2.348800627478	0.376271381175873	COL1A1	None
0.386794205826011	1.2000738577135	0.794011277968183	1.81379950628996	0.182383102994528	CH25H	None
0.149545330903769	1.41524351538288	0.88246859132788	2.26967194925253	0.347301611965384	COL1A2	None
0.151895324849011	1.41863755395115	0.879290873727186	2.28881314433491	0.349696941979623	GASK1B	None
0.036368337633103	1.74836963694726	1.03609366042502	2.95030893842663	0.558683717662716	ECM1	Risk
0.0221231167188269	1.77886605437404	1.08614248826368	2.91339715884133	0.575976113198158	COL5A1	Risk
0.201864148964458	1.16035175940661	0.923418602022536	1.45807784531197	0.14872320001782	COL17A1	None
0.0263366422407954	1.58363018124978	1.0555583617282	2.37588431099083	0.459719794700318	FOLR2	Risk
0.130684202631669	1.40290960326287	0.904408554554125	2.17617949876369	0.338548368013104	COL3A1	None
0.00560273238169892	2.12986159234795	1.24748260230784	3.63637167698114	0.756056997491702	STAB1	Risk
0.0868859640767843	1.57853957036241	0.936036148214289	2.66206297689851	0.456500097033925	FAP	None
0.255658808476482	1.39636697296369	0.785209411369032	2.48321109624015	0.333873844410527	F2R	None
0.194847163694751	1.17456968914845	0.920937624492439	1.4980536335744	0.160901858519146	C7	None
0.199784671190737	1.2098608179169	0.90419704737937	1.61885421211335	0.190505326477633	CADM3	None
0.0885958588712722	1.63164522113707	0.928743475721457	2.86652471565559	0.48958884390035	IL4R	None
0.159923081823563	1.39195934793426	0.877638626580987	2.20768636158334	0.330712357415567	NBL1	None
0.159923081823563	1.39195934793426	0.877638626580987	2.20768636158334	0.330712357415567	MICOS10__NBL1	None
0.275216451944098	1.267214161875	0.828139176657254	1.93908436808706	0.236820917737644	KCNE4	None
0.37485069722309	1.21647457979639	0.789122669464092	1.87526028658607	0.195956986842583	MMRN1	None
0.0392916247941757	1.71002316617012	1.02668041594357	2.84818837822186	0.536506917890707	CTSK	Risk
0.488834973967802	1.18674957705541	0.730802648294765	1.92716126840462	0.171218122060273	TEK	None
0.149711632472205	1.56101309670856	0.851656045573673	2.86120423938782	0.44533503144593	SPARC	None
0.650157955431298	1.10680741249689	0.71386601073462	1.71604002703172	0.101479666140673	ITIH5	None
0.043942435366688	1.64463024010317	1.01359369402562	2.66853340012337	0.497515580898176	RARRES2	Risk
0.252057622861213	1.21051834821821	0.872950768612352	1.6786223508369	0.191048654834352	MEDAG	None
0.0429391608087428	1.57259989781617	1.01449290619785	2.43774049429294	0.452730235597639	ID3	Risk
0.0160637719560572	1.75884507174552	1.11066456546788	2.78530177569887	0.564657384415044	PCOLCE	Risk
0.0555498964179532	1.63155783583308	0.988455203905625	2.69307193806073	0.489535285906883	COL6A1	None
0.102216817330413	1.30841692804468	0.94782390415943	1.80619506437972	0.268817954572014	COL14A1	None
0.0207899896305555	1.83388691285475	1.09668217298016	3.06665075078299	0.606437710458074	TGFB3	Risk
0.0453324599191695	1.70214612090741	1.01111400339844	2.8654547431665	0.531889878938107	COL6A2	Risk
0.501065488300953	1.13654021831508	0.78281947598425	1.65009137799438	0.127988751555049	ADRA2A	None
0.835539957918317	1.05607653632603	0.630939368141662	1.76767801613542	0.0545606602391667	SOCS3	None
0.117802554191739	1.31882663497736	0.93234740286264	1.86551031062609	0.276742428384988	DPT	None
0.527974982681364	1.15224488287896	0.742009446486414	1.78928755746651	0.14171211162703	CCDC69	None
0.108242494663594	1.49477114596731	0.915255886412856	2.44121978562022	0.401973115504242	PRSS23	None
0.160152596989309	1.22035790628322	0.924273081065556	1.61129156516279	0.199144181527746	FOSB	None
0.273951020125144	1.32787669113758	0.798942220759471	2.20698876721065	0.283581193684078	PDPN	None
0.0925142399475135	1.53608744758627	0.931600338353537	2.53280784633708	0.429238565127228	LUM	None
0.181289045600458	1.35004464136432	0.869433361600723	2.0963314891907	0.30013765958089	FSTL3	None
0.994108865248956	0.99815435306683	0.611261851502638	1.62992686374435	-0.00184735223805473	COL15A1	None
0.0938235978746038	1.659630006707	0.917606862333523	3.00169045396823	0.506594689999431	GGT5	None
0.00774719381059797	1.57128844733557	1.12669425320648	2.1913197637281	0.451895949889823	PLAC9	Risk
0.336520345991192	1.23377963639106	0.803841354919117	1.89367240421017	0.210082332867972	FBN1	None
0.298778355498626	1.22799485141162	0.833577242686611	1.80903613711104	0.205382637054617	C2CD4B	None
0.00384711670490358	1.94735561572916	1.23929955074782	3.05994938174844	0.666472357749518	JUNB	Risk
0.0566822555818518	1.53721101850056	0.987843595551149	2.39209701418484	0.429969747585905	CPXM1	None
0.151382392675537	1.292393620853	0.910359948123979	1.83474819456145	0.256496019063886	SPON1	None
0.320599096379171	1.25100631481367	0.804145379119039	1.94618639905411	0.223948279284722	ADAM12	None
0.135318636172808	1.40195405824159	0.899838704202623	2.18425276912459	0.33786701934624	RAMP3	None
0.449089110099069	1.1795031975759	0.769210866292959	1.80864292751933	0.165093330820717	AKAP12	None
0.391383682918042	1.1863360674844	0.80263139440529	1.75347397924442	0.170869622564565	SFRP2	None
7.66208614931339e-05	1.86406085840118	1.36905252458239	2.53804936000047	0.622757365087279	MMP28	Risk
0.191894926293845	1.36376020832968	0.855806628529376	2.17320343617736	0.310245743621765	COL6A3	None
0.05699653217153	1.36787128324954	0.990723560268573	1.88859125045085	0.313255723581648	CLDN5	None
0.401286030288213	1.19056426709778	0.792241624530955	1.78915526551545	0.174427368770205	SEMA3G	None
0.557986340747875	1.13456057914284	0.743698186362726	1.73084690987415	0.126245421029312	IL6	None
0.435379652499123	1.17921278181015	0.779294457693349	1.78436118858119	0.164847081785432	MFAP5	None
0.0761209921609875	1.47033614551864	0.960314920693059	2.25122856495697	0.38549104507039	MXRA8	None
0.0337565699326891	1.54471551402105	1.03395104859574	2.30779399324373	0.434839760075377	GPX3	Risk
0.255110490702408	1.19434768639667	0.87961402509427	1.62169582942723	0.177600167218557	CD36	None
0.22449990898604	1.330780624755	0.83916556930142	2.11040244739496	0.285765705960165	CDKN1A	None
0.042174836562992	1.72300258283777	1.01941979015142	2.91218390024062	0.544068456579941	CLEC11A	Risk
0.250614462831627	1.28080787364258	0.8396826671019	1.95367711333948	0.247491030122589	TIMP3	None
0.204137765932018	1.41021345296128	0.829601738262146	2.39717673094432	0.343741078011435	AEBP1	None
0.647403501016951	1.10676172622723	0.716589179479448	1.70937763745094	0.101438387764618	FGF7	None
0.299522551646514	1.17759863375399	0.864707639102281	1.60370798118419	0.163477308796483	CAMK2N1	None
0.10744754302092	1.42113025977559	0.926394287719365	2.1800773623311	0.351452512595363	SORCS2	None
0.878079770055125	0.975482887960357	0.710370057947768	1.33953684288513	-0.0248226608869186	F2RL2	None
0.386072370968588	1.19084004488842	0.802287489394107	1.76757089105404	0.174658978153361	TGM2	None
0.512558691817805	1.14950848189724	0.757533493821153	1.74430538151977	0.139334443964859	SULF1	None
0.535164252177839	1.1056833298844	0.804887885196891	1.5188893366002	0.100463541925838	HSPB8	None
0.0731805512453125	1.45677241221019	0.965285293564598	2.1985063639993	0.376223311999198	CAV1	None
0.337026964527179	1.25849418449596	0.787053011799455	2.01232647441252	0.229915914601992	COL5A2	None
0.371886190645967	1.25460230274436	0.762589777300963	2.06405460039396	0.226818632119888	NID2	None
0.229704831382824	1.30741926383713	0.844211566073849	2.02478288635871	0.268055166551096	CDH11	None
0.530119224776891	1.14229374391821	0.754058355521957	1.73041646954695	0.13303829700129	HAS1	None
0.53479256755249	1.1108720683967	0.79702833626716	1.54829721377724	0.105145354069257	ENPP2	None
0.242014306441358	1.23748591553645	0.865992249160835	1.76834306846858	0.213081834011251	GEM	None
0.00144142754757647	1.85339961063068	1.26803553259184	2.7089856935355	0.61702158008663	LFNG	Risk
0.316303035671733	1.19185480273074	0.845549460506756	1.67999382311826	0.175510751434095	PDK4	None
0.306675462377055	1.21996982270463	0.833272852873973	1.786121272494	0.198826122951229	POSTN	None
0.111627208960485	1.38066721895134	0.927905786330273	2.05434861768212	0.322566874318247	CLEC10A	None
0.101151698135993	1.29769820360198	0.950302121590468	1.77208972743675	0.260592082466326	ADAMTS15	None
0.255607275676516	1.23148140938635	0.86005340407864	1.76331662019155	0.208217842554115	FHL1	None
0.081926411404031	1.40507669694502	0.957837082617518	2.06114438470354	0.340091889868774	FBXL7	None
0.233710431135342	1.3383940541411	0.828411773238936	2.16232881041347	0.291470428167985	ADAMTS2	None
0.00101047209404628	2.09673907056892	1.348495184974	3.26016346149205	0.740383314310753	COL5A3	Risk
0.0295661775384542	1.41241810357487	1.03485494793415	1.9277338367937	0.345303202587565	G0S2	Risk
0.5399660508137	1.12953152086439	0.765116127959591	1.66751347933109	0.121802963454982	PREX1	None
0.503041509556054	1.10378590546629	0.826759126314384	1.47363758841985	0.0987460028407104	OGN	None
0.467039052433459	1.1450770525451	0.794849934872433	1.64962139233969	0.135471929541223	TBC1D9	None
0.278292330480032	1.12812193186862	0.907206487805328	1.40283288343952	0.120554242862165	CXCL14	None
0.365516218886263	1.1895959406149	0.816749849394033	1.7326461743181	0.173613703762982	DPP4	None
0.00815857825154246	1.67658976006505	1.14327925902198	2.45867595460413	0.516761825643053	CCN5	Risk
0.298103629764451	1.1550082513258	0.88043256757789	1.51521435003331	0.144107487953262	PI16	None
0.506392641489656	1.14774726209454	0.764396231382079	1.72335200457976	0.137801118689801	EDNRB	None
0.386287817800425	1.1962597384786	0.797559195829807	1.79427103265482	0.179199804590849	FBLN1	None
0.887125305168175	1.0336202867375	0.654729617410395	1.63177419921975	0.0330674811150972	CCN1	None
0.205121680656831	1.32610587925805	0.856982624094998	2.05203320762759	0.282246737186837	PKDCC	None
0.0114104693334529	1.39247844152734	1.07743572063208	1.79963980494435	0.331085210851942	PTHLH	Risk
0.065271245811994	1.31672638068473	0.982751307278712	1.76419847905571	0.275148641635316	PTGDS	None
0.558467411780219	1.12446382339057	0.759091815997365	1.66569954183055	0.117306320615215	HSPG2	None
0.0460800017986691	1.42887331007278	1.00622710499997	2.0290438670288	0.356886238665375	ITGA3	Risk
0.282519871606051	1.23648560001237	0.83957057989869	1.82104599141914	0.212273162147164	SMOC2	None
0.0797909983729269	1.51449869121883	0.95189799282584	2.40961353316269	0.415084487317617	PLAU	None
0.115785149343723	1.27281913556419	0.942330444094332	1.7192149123606	0.241234232155476	CFD	None
0.87257150842289	0.968824811311568	0.657908549347768	1.42667474977095	-0.0316714767165611	LMOD1	None
0.474033865278778	1.12364334991538	0.816630806878557	1.54607733038514	0.11657639677408	C4A	None
0.174176541267854	1.37995444935681	0.867234042140909	2.19580204393113	0.322050490911892	RGS1	None
0.253200400654705	1.33441722627043	0.813530834892285	2.18881603178941	0.28849466191434	ITGBL1	None
0.108875835830345	1.40470669960729	0.92718177607548	2.12817050856378	0.339828526265504	HTRA3	None
0.222234866152703	1.28345207818136	0.859708658229982	1.91605519057991	0.249553383804096	TPPP3	None
0.15639841938668	1.39498767560039	0.880328023745071	2.21052898759077	0.33288558053924	MEGF6	None
0.194486417919251	1.27184776460048	0.884441230697105	1.82894767925311	0.240470775837615	CLEC3B	None
0.475850103234025	1.11719568703488	0.823807168007566	1.51507082191094	0.110821694568438	C4B	None
0.33135992507031	1.16449189233157	0.856430182546025	1.58336475633621	0.152284847957843	TRARG1	None
0.412783123224684	1.13730196582565	0.835909670703931	1.54736307857481	0.128658760709056	CILP	None
0.0412142471387658	1.40160150212422	1.01355421884347	1.93821577004383	0.337615512920464	HSPB6	Risk
0.249927066139654	1.29075294401662	0.835637295493076	1.99373959428715	0.25522572563237	PLAT	None
0.202217124281051	1.27315931964369	0.878389424748729	1.84534855216325	0.241501464645861	ABI3BP	None
0.120361200742763	1.44875617980836	0.907496722573248	2.31283972308066	0.370705381276781	GAS6	None
0.000656856106687845	2.04540843686911	1.35517346134785	3.08720307247917	0.715597494182827	MSC	Risk
0.688304253086403	1.04726107381865	0.835739578516954	1.31231759860172	0.0461782549773521	PLA2G2A	None
0.909934528130233	0.979806208738939	0.688070476504561	1.39523528397895	-0.02040047305663	MYH11	None
0.965499085826897	0.993386833768822	0.735435589522493	1.341813498781	-0.00663513010235372	GPC3	None
0.782217257981941	1.05473454056566	0.72285673679209	1.53898399840497	0.053289114949419	PALM	None
0.828640028825093	1.04809679259541	0.684955876189322	1.60376299384453	0.046975940980755	NR2F1	None
0.292625553731013	1.19004729733089	0.86066174486073	1.64549264370257	0.173993051989807	HOXB2	None
0.00354943660698086	1.48010149400474	1.1371505779857	1.92648227505242	0.392110662454958	F3	Risk
0.32947970223151	0.828213861998953	0.567046078452804	1.20966924430342	-0.188483870508987	CNN1	None
0.36840231042088	1.19936221099302	0.807078707949025	1.78231651881084	0.181789924663479	MRC1	None
0.03102525591977	1.51341172350162	1.03853114900075	2.20543702231361	0.414366521714264	EGR1	Risk
0.378394735699793	1.21040329034791	0.791417119353244	1.85120600686819	0.190953601885463	THBS2	None
0.895213945473528	1.02194388184923	0.739850003313998	1.4115959896885	0.0217065801459368	RASD1	None
0.00770452876402331	1.72458601543893	1.15504696375175	2.57495757141069	0.544987030630964	ZNF703	Risk
0.400168165354791	1.13056359705208	0.849449433785751	1.50470881036778	0.122716266838763	CIDEC	None
0.441737672983233	1.1793548895892	0.774649256055301	1.79549382475448	0.164967585242626	VCAN	None
0.983519024201056	1.00341563610046	0.726066779878602	1.38670844979194	0.00340981606445447	SCUBE2	None
0.235671193131574	1.22356345636415	0.87659962289263	1.70785783230157	0.201767467176957	EGR3	None
0.0495544521916502	1.27691651582006	1.0004763652203	1.62973943718803	0.244448199674556	MMP10	Risk
0.79051414326255	1.05161213680877	0.725439098129793	1.52443959683799	0.0503243550857707	IGFBP5	None
0.34436735494745	1.18267309386043	0.835279763933845	1.67454750771643	0.167777210257488	IL7R	None
0.507543755271726	1.09641834177761	0.835100633471388	1.43950696718941	0.0920488143996011	TNS4	None
0.180471022131377	1.26474557762925	0.896870942403701	1.78351343599749	0.2348709775475	LIPE	None
0.0260539009430176	1.45598302370903	1.04582989507609	2.02698983392004	0.375681290166023	CFI	Risk
0.637380097107789	1.10319750962488	0.733328235087482	1.6596180087043	0.0982127900840328	CES1	None
0.125628460611283	1.22755476553064	0.944266315129669	1.59583231788804	0.20502419519487	CIDEA	None
0.597763225588267	1.1069552112494	0.7589251319098	1.61458592974601	0.101613193332017	ISLR	None
0.181696099997717	1.26624888436878	0.895507094994426	1.79047854129526	0.236058895529059	CEMIP	None
0.046551087075775	1.60248669594778	1.00722786390303	2.54953591210108	0.471556607717558	GPC1	Risk
0.15574847874529	1.22306633869809	0.92620147777444	1.6150819284491	0.201361097832559	IL33	None
0.00795594551989623	1.41007278664435	1.09401871593368	1.81743258563733	0.343641324791304	TNC	Risk
0.532721178056845	1.1075488216312	0.80350515703685	1.52664159222117	0.102149304702514	ITM2A	None
0.349129671953717	1.17387188177418	0.839227778178264	1.64195612996898	0.160307585786585	TP63	None
0.97060837898778	0.996315473160737	0.818690069450593	1.2124790065252	-0.00369133142787919	CCL21	None
0.512984552800977	1.12678135028604	0.788005038500907	1.61120316409115	0.119365205841256	WLS	None
0.861619688639009	1.02741871923345	0.757982962516187	1.39262922365324	0.0270495588903535	CSF2RB	None
0.392868236371438	1.16392021164752	0.821679582761354	1.64870867854467	0.151793800265244	NGFR	None
0.005477013757147	1.83966636279889	1.19654050601645	2.82846448523586	0.609584230613785	COL16A1	Risk
0.362052806461104	0.825650529972193	0.546863146070989	1.24656196443501	-0.191583682188537	MATN2	None
0.789370656112777	1.04618794389957	0.751155520523892	1.45710067230477	0.0451530281827254	CHRDL1	None
0.496667911983654	1.149558044171	0.769124115211069	1.7181670302401	0.139377559092846	FN1	None
0.580794957071182	1.11527165145287	0.757209891450455	1.64265003743125	0.109098008828254	CCN2	None
0.749167725998605	1.04785304225902	0.786793134429669	1.3955332731359	0.0467433492140696	PRG4	None
0.568502041828898	1.12377768242742	0.752477119206892	1.67829193378401	0.116695940473518	COL12A1	None
0.471033553855039	1.14783779499096	0.788961822539788	1.66995609415976	0.137879994352619	SPOCK1	None
0.533764063030923	1.090687131138	0.829766649334421	1.43365417130737	0.086807893164698	CALML3	None
0.391356416055869	1.16603675993404	0.820671689276185	1.65674257231493	0.153610613961398	STEAP4	None
0.473325807427469	0.87817907746162	0.615716486528691	1.25252207625499	-0.129904745481731	SELE	None
0.984807457910481	0.996891274385978	0.723550209962601	1.37349447110003	-0.00311356773932363	TAGLN	None
0.406587451855671	1.16321891931948	0.813939740808253	1.6623813612039	0.151191092554356	AMIGO2	None
0.156092108974868	1.1813879890077	0.938329106276469	1.48740731928275	0.166690009094524	SNCG	None
0.175823946055064	1.29558167696834	0.890502068144909	1.88492755013226	0.258959765708346	LRRC15	None
0.675126369281026	1.06534622895688	0.792381569467393	1.43234349622181	0.0632998439407054	GPD1	None
0.493697996833211	1.07643834700203	0.871735618673326	1.32920978571451	0.073657764470196	CCL19	None
0.831058769919951	1.03195762364205	0.772951041497759	1.37775419117024	0.0314576038539321	IGF2	None
0.916354806589004	0.981688038613728	0.695322043992882	1.38599288413634	-0.0184817007179519	CCDC8	None
0.780776292436886	1.03996508422889	0.789160211780911	1.37047884608183	0.0391871397328609	THBS4	None
0.176153661855314	1.26653613080696	0.899355544747545	1.78362581963036	0.23628571812765	SEMA3C	None
0.932670279590455	0.986760322351629	0.724318769689227	1.34429200859348	-0.0133281035345554	SELL	None
0.334548478433539	0.862175244883858	0.637948833473025	1.16521281000504	-0.148296728651854	SOD3	None
0.165575467115204	1.18671434702648	0.931654060820725	1.51160285846646	0.171188435467129	TSPAN1	None
0.141722498410069	1.21119436462894	0.938035548716081	1.56389786177807	0.191606950973033	MLPH	None
0.0913124722154392	0.774654268181553	0.575955040763286	1.04190291383964	-0.255338454735674	ROPN1	None
0.83694568107332	1.03322169659643	0.756869271299364	1.4104774956511	0.0326817814348867	ASPN	None
0.142771854518888	1.20825064952134	0.938174160840635	1.55607529284397	0.189173569314886	ITGB6	None
0.83710332421985	0.9625935505194	0.669277607904446	1.38445740983738	-0.038124022198528	BPIFB1	None
0.565960426443898	1.07472834744717	0.840289763874887	1.37457466514909	0.0720679295964461	LAMB3	None
0.0282634533388393	1.30919304483816	1.02911121903698	1.6655016454456	0.269410951102638	AQP3	Risk
0.20300201298837	0.817609302649508	0.599656435768012	1.11477995049424	-0.201370681601453	UGT8	None
0.0229119174914493	1.21422060197819	1.02723574542709	1.43524179024289	0.194102391102936	PTN	Risk
0.187422295872624	0.796888697738443	0.568585399705889	1.11686229880639	-0.22704026146425	MYBPC1	None
0.954365135263125	1.0092226844098	0.736943294713834	1.38210149143541	0.00918041514788063	EFEMP1	None
0.153603311138163	1.16523517103543	0.944474610958817	1.43759608576411	0.152922930195688	KRT17	None
0.0634927356919029	1.19700251955396	0.989950061597535	1.44736091990976	0.179820531464149	CLCA2	None
0.863064385110523	1.02326050645712	0.78796167264096	1.3288235969213	0.0229941040700076	MS4A1	None
0.0893896266333381	1.24828977414267	0.966455011155833	1.61231236037112	0.221774433814566	MMP13	None
0.0410580555965935	0.785036284780549	0.622370184013282	0.990217693990455	-0.242025339617581	FABP7	Protective
0.108278666387993	1.29677698053875	0.944327248694945	1.78077095580924	0.259881940309196	SFN	None
0.0891044104855013	0.833258634209634	0.675231773177946	1.02826907599019	-0.182411199760205	ELF5	None
0.605858595957824	1.05989628574996	0.849771927392561	1.32197840424493	0.0581710597048591	ELN	None
0.973220567044921	0.996472231625102	0.810690609013849	1.22482843314021	-0.00353400562311634	PIGR	None
0.54246880135465	0.937126233647802	0.760409479079843	1.15491140227975	-0.0649372847422211	HORMAD1	None
0.0544248613893613	1.34361809176707	0.994406969218135	1.81546351987379	0.295366043809042	MMP9	None
0.25712430802647	1.10633038380985	0.928930661955814	1.31760848066297	0.101048578031086	AGR2	None
0.301460299989292	0.875120689960683	0.679490118916295	1.12707484726736	-0.133393470752544	CACNG4	None
0.997898343000108	1.00028799799342	0.807366318517174	1.23930867065071	0.000287956529956686	FOXA1	None
0.431139978971306	0.898631564626978	0.688677544065087	1.17259332165419	-0.1068821565141	MAOB	None
0.949900125022643	0.991677091970115	0.764092951001413	1.28704688801204	-0.00835773681473631	JCHAIN	None
0.745092475478016	1.03175276204862	0.854545260810247	1.24570787624008	0.0312590666991837	TFF1	None
0.00243648362055123	0.652428810682198	0.495002847964986	0.859921018147955	-0.42705324814015	CT83	Protective
0.0696991780354029	1.16904192380828	0.987498410222699	1.38396072892224	0.156184544813746	KRT14	None
0.207276822288101	0.86699667746592	0.694520595619173	1.08230518069347	-0.142720134428177	PRAME	None
0.148896147285907	1.17286512388889	0.944539668776892	1.45638414595781	0.159449579163247	S100A9	None
0.0528702472558054	1.1708099714857	0.998048219914027	1.37347671382896	0.157695792613218	MTRNR2L1	None
0.0422993155961935	1.6209658185453	1.01693568439961	2.58377223378044	0.483022155884266	LIMA1	Risk
0.0321805670749877	1.5259298235289	1.03659738776962	2.24625476950598	0.422603944602267	SLC7A8	Risk
0.0400513146789537	1.55197524202884	1.02016356531134	2.36102055961523	0.43952846933278	CREB3L1	Risk
0.265533892365373	1.25858008379326	0.839571110428112	1.88670597123491	0.229984167889878	PHLDB2	None
0.115472367608103	1.38539362036109	0.923191583485263	2.07900019635291	0.325984301688224	IER3	None
0.0107123245609208	1.48284970565338	1.09569544859183	2.00680148154513	0.393965713214523	STON2	Risk
0.175506531369146	1.29723601867459	0.89023969172469	1.89030134669294	0.260235861543024	SIDT1	None
0.853140236768088	1.03630996846286	0.710372633029917	1.51179578266533	0.0356662964446616	SERPINA11	None
0.493143582428878	1.12602923835288	0.801901334133107	1.58116939286088	0.118697495945988	HOXB3	None
0.971581480615707	0.993856341289862	0.708072178363211	1.39498550755852	-0.00616260863576214	PRR15	None
0.650175430856897	1.09103187763671	0.748713993005267	1.58986017242917	0.0871239251561654	HOXA9	None
0.116824711720541	1.23020030567124	0.949566643326616	1.5937720671945	0.207177006264898	SBSPON	None
0.227707345853245	1.13083714882365	0.926053416214407	1.38090593346887	0.122958198104946	AGR3	None
0.846275928799031	1.0297784617958	0.765437054669524	1.3854093865842	0.0293436934721647	TMC5	None
0.115320051707541	1.33757178371725	0.931317736354164	1.9210396267125	0.290855868416808	GPRC5C	None
0.451780788958922	1.12289088380664	0.830270087902284	1.5186430961541	0.115906506125999	SLC40A1	None
0.079184485456286	0.734445334424348	0.52035755505362	1.03661404359183	-0.308639711700418	HPDL	None
0.750081495901565	1.05450618329872	0.760720536506454	1.46175006096448	0.0530725846451747	GDF15	None
0.141361146439184	1.29753920200565	0.917005503418897	1.83598459819971	0.260469549093321	LRRC17	None
0.0305301927778662	1.50445126386123	1.03910804412952	2.1781888977962	0.408428222984833	COL7A1	Risk
0.149454501437782	1.28766252768202	0.91306873921009	1.8159364284346	0.252828580681608	TNFSF10	None
0.112653440111963	0.801202851445268	0.609279748459674	1.05358172627088	-0.221641116228674	ROPN1B	None
0.306976360023998	1.21165283558165	0.838326341086542	1.75123042426445	0.191985407326486	ID1	None
0.427904827894371	1.15470896920417	0.809140846757743	1.64786243198986	0.143848337507788	MSX2	None
0.249138834134172	1.12377073118138	0.921488638863942	1.37045710928878	0.116689754848323	CYP4Z1	None
0.0623473712744201	1.23726431068747	0.989077307018149	1.54772833593365	0.212902741311531	CA12	None
0.383533992670058	1.17525193546896	0.817319925801654	1.68993446534268	0.161482537777977	GPC4	None
0.248108754908375	1.16695099912642	0.897974568426675	1.51649576975003	0.154394363670873	SCNN1A	None
0.351866000936241	1.172989177322	0.838321882173428	1.64125932934898	0.159555343134312	VAV3	None
0.105511475919534	1.27161239693238	0.9506035592497	1.70102254751537	0.240285699088757	OLFM1	None
0.000313474555366083	2.03106549111459	1.38156029954864	2.98591891395857	0.708560527826564	ACP5	Risk
0.029351893628447	0.698114256740016	0.505270792751866	0.964559049236408	-0.359372498011165	GAL	Protective
0.198098436143199	1.22509412740948	0.899281208543008	1.66895027579285	0.203017679746361	FCER1A	None
0.876565835161753	0.971517298612674	0.674674935248292	1.39896387458994	-0.02889620423704	TCIM	None
0.0050711293610949	1.41576812789185	1.1101793070269	1.80547356563712	0.347672230373985	C19orf33	Risk
0.72792818371693	0.950728743909799	0.715201047077497	1.26381966048543	-0.0505264896050773	CYP4X1	None
0.776434248652784	0.970845457407771	0.79151585303008	1.19080483171761	-0.0295879815372518	TFF3	None
0.409071663558283	0.865145829430261	0.613376597039894	1.22025735868089	-0.144857197323057	KLRG2	None
0.0568254745880495	0.704180955589402	0.490845862834105	1.01023733876799	-0.350719916663516	GFRA3	None
0.169640617374293	1.24547599187031	0.910498650248322	1.70369329586843	0.219517779637332	FBP1	None
0.135403109943842	1.21907449475243	0.939944609608985	1.58109595880774	0.198091959995673	MAB21L4	None
0.127576823790963	1.19063269411824	0.951272935752545	1.49022027120091	0.174484841563585	KRT75	None
0.242964820962886	1.172975628304	0.89738642753525	1.53319883427936	0.159543792221048	SHISA2	None
0.351340745122507	0.906008165338899	0.736175950123052	1.11501984752905	-0.0987069604644287	EN1	None
0.175066234078241	0.879665337467022	0.730869842813037	1.05875363931101	-0.128213742174564	VGLL1	None
0.342149367834071	1.11299085578078	0.892414215484848	1.38808708283365	0.107050856429274	CEACAM6	None
0.584467212487861	0.919882971467732	0.681948585744933	1.24083354505672	-0.0835088219566619	TAFA3	None
0.804031473018993	0.978782320758783	0.826260913824589	1.15945800581986	-0.0214460097357303	GABRP	None
0.937265941036061	1.0099793415325	0.788718943376954	1.29331022018437	0.00992987671577067	SERPINA5	None
0.438064751829126	1.12154893657262	0.839274905050732	1.49876042945803	0.114710708954926	CKB	None
0.0508834499513843	0.808117611922156	0.652519661882783	1.00081899879376	-0.213047671744171	PEG10	None
0.175645502814123	0.842986173860093	0.658363068083783	1.07938267465034	-0.170804722229736	SOX8	None
0.95902162152905	0.993580777307999	0.777172368862141	1.2702494331873	-0.00643991449973172	DKK1	None
0.0510825819035462	0.822008946630886	0.675075856111648	1.00092264035801	-0.196004000006008	CRABP1	None
0.650991844644911	0.958547800679894	0.797912310374387	1.15152238440481	-0.0423358474426912	CXCL17	None
0.28447255051427	1.07209788223543	0.94377750132812	1.21786529926409	0.0696173665357189	SCGB2A2	None
0.931638054583337	0.992967579449051	0.845101023886546	1.16670621140944	-0.00705726456456925	MUCL1	None
0.246832817635335	0.869433680443649	0.686117335404902	1.10172835706548	-0.139913221307042	AARD	None
0.155704961673414	0.845062395487185	0.669811810753957	1.06616581075615	-0.168344813537825	ART3	None
0.196719201411826	1.12072893605872	0.942643388808727	1.33245866149513	0.11397930937197	TCN1	None
0.316116381292249	1.07797338197302	0.93079697711038	1.24842112814956	0.0750827801346566	SCGB1D2	None
0.99391498804511	1.00086260095886	0.801936989440522	1.24913298574368	0.000862229132465983	WFDC2	None
0.0149053339845913	1.27949816587668	1.04922920280158	1.56030307973744	0.246467943147883	KRT5	Risk
0.00177485644470642	1.27298822183904	1.09418526935678	1.48100971409855	0.241367067245777	KRT6A	Risk
0.835498800018712	1.0149920820616	0.881991384268853	1.16804874177059	0.01488081153879	PIP	None
