CellCyle	HIPPO	MYC	NOTCH	NRF1	PI3K	TGF-Beta	RAS	TP53	WNT
TCGA-E2-A14R-01	2.08549152825855	1.67462986331171	2.38055906777844	2.71204261804614	2.46962586210744	4.34515364201285	0.995121096098503	2.3129945793648	1.10314759133485	0.978406757329345
TCGA-E2-A1LL-01	1.97788812599997	2.23023111550152	2.49992943818593	3.37735001854299	2.6542633030577	5.13482485285738	1.31201982376046	2.36573386465601	0.988027194617983	1.69113851732381
TCGA-A7-A4SE-01	2.38110090852327	2.28296468013732	2.88507999669601	3.44047186813325	2.30027984630002	4.67635915175433	1.29985788469884	2.47074562671212	1.16385630579234	1.75001237309285
TCGA-BH-A18V-01	1.88919641788695	2.27240102705098	2.2973046193693	3.31889339713387	2.78884219539204	4.71736640586955	1.1989424675696	2.49345754762356	0.996528653798915	1.34825920041314
TCGA-AO-A0J6-01	1.8558631439453	2.03815242401601	2.76293120261775	2.69417395394248	2.69499757379428	4.79966035962221	0.943570675234963	2.28489443605061	0.888604938136012	1.17409618134808
TCGA-C8-A12V-01	1.94422582141854	1.84815517099352	2.46224596274708	2.95821379066411	2.75503785420405	4.69158040536049	1.07106123318368	2.49544268485347	1.1833518162104	1.58900152324834
TCGA-A7-A6VV-01	2.33279504463897	2.23714817609197	2.31643176573513	3.36419548232296	2.62162805076834	5.15788673873389	1.27129043201551	2.54200385965195	0.830558036915676	1.55175424491922
TCGA-E2-A1L7-01	2.02515387112079	1.72725864829697	2.13083169536967	2.72444444910747	2.68539953574119	4.9317160629229	1.50318205409029	2.46971508561088	1.18508638518068	1.15174792263076
TCGA-EW-A1P8-01	2.07654032031736	2.02255060433734	2.56617247008601	2.88780033349159	2.32164204670387	4.66295580870142	1.11778205941977	2.30335916442298	1.06566101514152	1.43114980962167
TCGA-EW-A1OW-01	2.17927938478274	2.14784208152188	2.30747290373265	3.16413589893962	2.37250662417034	4.53630461230075	1.35618783836889	2.50918655828896	1.08741929035747	1.53541141952901
TCGA-E2-A150-01	1.76860230770409	2.22429303174344	2.36750924818633	3.00854851498991	2.77139916764849	5.0041383191829	1.20602997390906	2.42616758099691	0.923034984576519	1.32639770880785
TCGA-S3-AA10-01	2.50951492883476	2.1004781654954	2.68971512240031	3.12395053963425	2.51357200153462	4.39943989160601	1.13807527175534	2.51106317792994	1.08932984635521	1.5662588166709
TCGA-AR-A256-01	2.1251843259471	2.27090132301794	2.54890988099707	2.91851365087505	2.86578151870571	5.19509198177638	1.0907048833052	2.5361526735311	1.10473515148605	1.38817500954851
TCGA-C8-A27B-01	2.03788651323865	1.92409362757602	2.64515647486048	2.67246259384733	2.80566172715213	4.85573084772804	1.22359363577003	2.44926311431926	1.32741354665674	1.28586811117939
TCGA-EW-A3U0-01	2.10151327159326	2.06168600590333	2.72491078013358	3.0637977557887	2.24347673409916	4.55795405140914	1.15777610329552	2.53853947120876	1.12741602748685	1.46755197738401
TCGA-C8-A26X-01	1.97362718348861	1.81754376136381	2.25777517840037	3.16021695756727	2.69006202066412	5.28735615748761	1.3331551684306	2.13190053143679	0.982038260147741	1.15254135628834
TCGA-EW-A1OV-01	1.76782455431444	1.86577511142191	2.34425599733178	3.05708449033696	2.56019501767131	4.96303408546704	1.23200821478419	2.30824145732425	1.24819497986647	1.1969484222905
TCGA-A2-A1G6-01	1.61434219292356	2.20062161387231	2.22506529798573	3.18176732437225	2.66415918590739	4.96635453016706	1.65357638300657	2.66851605065062	1.21159625218359	1.65851326885194
TCGA-EW-A6SB-01	1.97281163979261	1.72431832592429	2.57590164747569	2.70539593673762	2.43167547499934	4.64760529234963	0.980384497961477	2.17676958418558	1.12819172759118	1.34080701765988
TCGA-EW-A1PH-01	2.20705823797773	2.16925429739536	2.86751467962453	3.05484485398354	2.48273337553035	4.822179532208	1.30017811809119	2.30838183588623	0.958916320998428	1.57959366728177
TCGA-BH-A1FC-01	2.22782194909103	2.07054122295691	2.93440062845765	3.1203107192252	2.67962781241647	4.97889512234078	1.30656318413782	2.35616634141044	0.902506119464333	1.11098427510258
TCGA-GI-A2C9-01	2.05287762328947	2.21104790865328	1.96819767349639	3.06581971592233	2.66923925607737	4.86774709429888	1.04068434132477	2.53733644311777	1.25573668514489	1.72902948202292
TCGA-D8-A27M-01	2.11451179212779	2.36063061199053	2.31217845000864	3.0554077847095	2.62239128905727	4.93045086329951	1.25828009047958	2.68736844201702	1.07082765620532	1.50516732254451
TCGA-AR-A0U4-01	1.82150012504325	2.07412518979549	2.44669149077942	2.9838066549754	2.56082759196978	5.02448202273214	1.33110865641168	2.57641699567171	1.23601542954696	1.36425662023329
TCGA-A2-A0YE-01	2.03735458041667	2.43480593500658	2.2166214730043	3.01687405448185	2.73919555911977	4.76499158459014	1.29620893468578	2.50677187712231	0.73272585430111	1.65352362918497
TCGA-GM-A2DH-01	2.20539252552733	1.92860322470804	2.56887892149402	2.85249547869101	2.46677885995186	5.00661012618048	1.27220064992985	2.37181729358216	1.02795822605533	1.14085093470427
TCGA-BH-A42U-01	1.59016097336663	1.88431181285442	2.35847243744862	3.1744519904042	2.49677352504306	4.69452119477615	1.24030912538209	2.40332560445679	0.817784514620574	1.53369535074745
TCGA-D8-A1JL-01	2.03422781374802	2.26157592398093	2.15722689637062	3.06862559147674	2.27896228597484	4.74447980321791	1.12708415343938	2.52683183307806	1.11531989552566	1.39139162164165
TCGA-BH-A1EW-01	1.65199880307664	2.10869758059777	2.31090641842485	2.97508528287414	2.7795529013596	5.06016706519286	1.58105090154808	2.58277278123764	1.38312120652927	1.3049443318941
TCGA-A8-A08R-01	2.03767154082825	2.20973217349322	2.7078213405454	3.06049417116533	2.43822972090777	4.65717015065634	1.31180511734351	2.59373718839342	1.20030267918801	1.39042187576244
TCGA-E2-A1LH-01	1.77181146306743	1.91857079351788	2.34659392313145	2.931667633167	2.44497007394856	4.71502049361307	1.02639054694197	2.37232911780274	1.14655526774278	1.26216331459162
TCGA-AR-A1AY-01	2.29776271079789	2.3107543010084	2.40394113859757	2.92986686891662	2.37327573766974	5.0872611146621	1.20590474635702	2.49605527329045	1.17235709446881	1.54820109795255
TCGA-E9-A5FL-01	1.68851788869433	1.80232331012844	2.42333495772562	3.18953774007873	2.40521227928484	5.00006347009673	0.992293111940969	2.07280396465688	0.970820336916109	1.41645458553198
TCGA-AC-A7VC-01	2.19841459116387	1.87723661851017	2.29630322194193	3.46201378959659	2.03014329410103	4.78439113103436	1.13908219380309	2.27167143995277	0.968029286741596	1.4027867451428
TCGA-AC-A2QJ-01	1.53901436409617	1.61797315062989	2.27226942900677	3.12454862355575	1.95666550420009	4.55353430136413	0.920248195578628	1.98020058465245	0.672019302490488	1.11247047692823
TCGA-AR-A0TU-01	1.90612204983342	1.96267558507418	2.45960087427271	2.70534532408554	2.36304536415751	4.52458297250572	0.998985262364619	2.15864542652502	1.23332859048293	0.917968498985276
TCGA-AO-A0J4-01	1.9535705318699	2.22615825415834	2.33010028245875	3.07760060446396	2.74401638266699	4.83367091977117	1.3608545972065	2.72080782805015	1.09095895902088	1.52079075536607
TCGA-A2-A0SX-01	2.37901596366851	2.3674671313348	2.80296764419369	3.3551428363219	2.74020755916255	4.7382575720986	1.35615635491736	2.59495587237979	1.2365368994033	1.54232646921716
TCGA-BH-A18G-01	1.75599241757624	2.09983954225225	2.52850844460786	3.07598635679464	2.62311995500351	4.97007973825322	1.15850749079406	2.45190268531905	1.23579993694608	1.53838300001286
TCGA-AO-A124-01	1.88042882194834	2.20321860526514	2.18675290951429	2.75269407348988	2.64758446499257	4.85331062683441	1.3373454472709	2.3248603662702	0.87593322293824	1.36606163126639
TCGA-A2-A0T0-01	1.93166146758851	2.10333287464479	2.51453175413187	3.12331917477666	2.74082315486043	4.98772797111325	1.04896341038995	2.29402912734774	1.22428484512041	1.44309565922475
TCGA-AO-A12F-01	1.76875860710291	2.18295359562266	1.98973889897087	3.15354782864578	2.41728917128596	4.91888956977669	1.32549828327461	2.5519697393339	1.2682364150167	1.27873919523727
TCGA-D8-A1XQ-01	1.88623222151252	2.09650794819698	2.45252777638867	2.83851290934511	2.40572991365087	4.64582175007536	1.17196335929001	2.45539630641435	1.06176009693776	1.52097865418166
TCGA-A2-A3XY-01	2.12826428070402	2.1069854252245	2.61162033424163	3.43404637053379	2.44363374113512	4.9001455242039	1.37001369834805	2.48642884755137	0.787164362507014	1.59400341916683
TCGA-B6-A400-01	2.2982078428356	2.07041121620563	2.39468765336363	3.34960252410468	2.15664716442841	4.39581373917762	1.2359771792029	2.55400779371611	0.773526182720069	1.74953081926211
TCGA-BH-A0WA-01	2.19408097441308	2.29837237921281	2.35989226464753	3.18710485325932	2.35242911614269	4.67675707449631	1.37088654819306	2.6399446771366	1.10535391923539	1.56631147645736
TCGA-BH-A0RX-01	1.9493376125838	1.83496126850055	2.24522292374235	2.98847561889662	2.35690064007428	4.52920822663196	1.17018889367878	2.27031703790533	1.04582291391468	1.48600633957632
TCGA-BH-A0B3-01	2.17068133829888	2.03537674124865	2.28389664433905	3.02555033527126	2.50153266106691	4.87769944272326	1.12355328839182	2.2545255706499	1.10333982589495	1.34353094219141
TCGA-A7-A0DA-01	2.00191849446093	2.19404984174435	2.84045022433022	3.17956158285928	2.26627642528862	5.10398649126488	1.20078019109586	2.67938317403367	1.14031587028686	1.60527743545508
TCGA-D8-A1XK-01	2.25266860468043	2.13946557388012	2.09827641492633	2.68222618620068	2.6591369108986	4.80279571457764	1.25253801760192	2.47928188233097	1.39410591106767	1.26088575529203
TCGA-BH-A0BG-01	1.8568806657002	2.14044814118428	2.49443628657948	3.04226140185914	2.70441002208781	4.77480750208582	1.05690384943234	2.56081105188853	0.977711367582648	1.5997754665097
TCGA-E2-A14N-01	2.11068316393959	1.98698787384892	2.32385271858616	2.74845587207633	2.58466143028745	4.91969032773712	1.05927481967674	2.21492708496613	1.19252435422067	1.18115992566842
TCGA-D8-A27F-01	1.96608042506107	2.2922307345094	2.62287678779338	3.05709526419723	2.4967847236738	4.75004844716234	1.26791055277325	2.64931473714478	1.15087463121524	1.53843439126025
TCGA-AN-A04D-01	1.94804792658768	2.07908113753077	2.2758192010235	2.7634024862633	2.61420274262937	4.70798313236041	1.00601987738151	2.32942842153286	1.22698323258907	1.43677398974374
TCGA-A7-A26G-01	2.02174217475541	2.24116809895775	2.07635182668673	3.01445547660799	2.71492189815472	5.03931492667391	1.49220119093807	2.5129481957374	1.51454609944521	1.50105727865432
TCGA-A1-A0SP-01	2.33227560746181	2.13131089968709	2.07857921761977	3.24744467584124	2.73623506733056	5.13235070611225	1.25729204832673	2.35371192082323	0.788560088150751	1.60003925893064
TCGA-AC-A2BK-01	2.21168297148914	2.2531958939834	2.81726843438019	2.81789151280262	2.78472133469257	4.55207439001465	1.33085053787392	2.49684023093413	1.40341390756854	1.38491626965923
TCGA-AO-A128-01	2.07887551681507	1.87849968218289	2.1422602308665	2.59814947822703	2.68343122293892	4.81964249363922	1.19704146277463	2.4186583968423	1.14386777253826	1.03326849217531
TCGA-AQ-A04J-01	2.19265714248095	2.02694277750971	2.07911508444347	3.11329491283521	2.64209649505247	4.89423939850577	1.36517369929725	2.53657612820874	1.26972263283627	1.46224867135902
TCGA-A7-A6VY-01	2.18537839786469	1.94933769345982	2.26212508126872	2.9699837940281	2.65712366226507	5.05104266850046	1.09349100007353	2.32283324658472	0.806676712297981	1.37502130422251
TCGA-LL-A73Y-01	1.82039179972534	2.38196162316465	2.11258769141996	3.38080029262957	2.67923831789598	4.7615413021283	1.33537498741114	2.75821121681939	0.958120881415097	1.91796849898528
TCGA-AO-A1KR-01	2.07046004835887	1.80325133431837	2.61653964644474	2.67114819252296	2.07637391040518	5.09225088828515	0.963001674512162	2.10741566291062	1.16217968685667	1.05127236789478
TCGA-C8-A3M7-01	1.70965257263349	1.9616870019015	2.36645890705275	3.38425421826916	2.6443948100657	4.99911004388863	1.41557096133876	2.53761931116808	1.1541570664017	1.28931174862909
TCGA-A2-A04U-01	2.24940625798145	1.79066415235131	2.69752058618185	3.06193877916381	2.50509276931705	4.65302883488991	1.04184911910165	2.10965724988868	0.820799749662707	1.56193507006391
TCGA-LL-A5YO-01	1.90238008256065	1.66660351079693	2.25058738200812	3.00996246335672	2.55747290175567	4.66995184034348	1.00045157942614	2.16677697785317	1.04658632553599	1.1599840270643
TCGA-AN-A0AR-01	1.72322498269621	1.97254547652003	2.33801496468623	3.03079405913764	2.38112167355177	4.47816243080862	0.908293139051341	2.13938706575483	0.866114879101535	1.33393380498744
TCGA-E2-A1LS-01	1.50951492883476	1.92330244993363	1.93440062845765	2.95025214446907	2.50087190539005	4.5223181388782	1.68791144910725	2.46626253435402	1.22282506421152	1.12768628430874
TCGA-A2-A0D0-01	2.05052856606204	2.02984507599237	2.58631788959207	2.93292264452014	2.44199454038658	5.18499688178627	1.27537641527587	2.33186724425843	0.980314450364899	1.4553932025983
TCGA-A2-A3XX-01	1.68571045785919	1.89510098367924	2.7561670977794	3.13045736141212	2.19631643619116	5.00488547995018	0.9224636879404	2.32748933695342	1.01075684377244	1.42204953678985
TCGA-AC-A2QH-01	1.75409588224012	2.61797315062989	2.18850092408892	2.46201378959659	2.14734884256323	4.82792284308651	1.74341872306988	2.08320432836348	1.67201930249049	1.46872000945672
TCGA-AN-A0AT-01	1.82530390173738	2.08975486353851	2.21820649341129	2.87139815042021	2.82648013241478	4.50543258498452	1.25669978014074	2.31077295908838	1.01345977102	1.39435092972353
TCGA-AO-A0JL-01	1.73624244749598	1.85732272020619	2.27118039809823	3.22519340202058	2.1248339597109	4.60688612110486	0.971512776906278	2.29708277196116	1.02591644147726	1.46663824795224
TCGA-A2-A3XT-01	1.92602090745851	1.8143374528	2.55571188090388	2.89431175574991	2.42448847007381	4.74689507655706	0.925791802281502	2.19271303089166	1.21279265037498	1.09575924683386
TCGA-EW-A1P4-01	2.32957978246128	2.26935258645617	2.35771121678389	3.19212722678106	2.79193645727346	4.78032834311585	1.27653736464451	2.52215480895829	1.02114542609906	1.08539839710417
TCGA-AR-A0TS-01	2.06301894244529	2.35434098372231	2.5655717584819	3.29534381779559	2.3747626562025	4.84184839307273	1.27024234537269	2.69688533224887	1.20388043374701	1.32204911625731
TCGA-S3-AA15-01	2.30464065420123	1.98810388809121	2.42226776875224	3.335022746649	2.45573616613199	4.82253914532346	1.07744945911498	2.53170490461685	1.07315680834221	1.40904159377479
TCGA-A2-A0D2-01	2.15898642451713	2.13568707049523	2.19509918768187	2.74924792308672	2.2355973309219	4.76321589860749	1.34321126071215	2.56198347950829	1.14218480245122	1.39333342181006
TCGA-D8-A13Z-01	2.14099234006995	2.06636683603782	2.4855496498427	3.28392383052284	2.45687833996968	5.09206993650792	1.28390627983716	2.26551570550104	1.09363240223292	1.33762568314082
TCGA-EW-A1PB-01	2.24863354815814	1.9879157220836	2.60185198983639	2.795087742243	2.53442898944804	4.79233517247378	1.04644986160189	2.21044238691874	0.97594593879829	1.06236383555834
TCGA-HN-A2NL-01	2.07889047204935	1.96567947501577	2.84054874052803	2.72292219690069	2.21051323264891	4.67880641315474	1.17896080944003	2.20782850390966	0.965764287164536	1.30189007516003
TCGA-A2-A0T2-01	1.89691595276894	1.89305753291007	2.40246725956577	2.94058012997138	2.41897658379169	4.83202957221511	1.24427319610762	2.23296700868913	0.872144374732669	1.32920901542666
TCGA-AR-A2LR-01	2.21361352269569	2.49305082646734	2.47127889240456	3.21166524195085	2.17315948143523	4.38722399580353	1.4453948792717	2.66762382885142	1.08471380481829	1.63672280085484
TCGA-C8-A1HJ-01	2.4251549005355	1.86248404585071	2.16855028071746	3.11571664640749	2.1286824518578	4.70828363568586	1.28625894009987	2.30324925305491	1.20325542160608	1.12261814612234
TCGA-BH-A1F6-01	2.17204565293487	2.16652306410045	2.66073213992673	2.96854401541402	2.48314467728598	4.90392108743605	1.21744878666575	2.51021333892289	1.21602715942528	1.34309634913994
TCGA-E2-A158-01	1.64819975426585	2.23370403345127	2.69851564261155	2.6739766313337	2.20420348118176	4.75749649574331	1.27001970533825	2.46396245465191	1.10666273226018	1.03654503546153
TCGA-BH-A0E0-01	2.02632963356847	1.87924667682207	2.49943433141792	2.85114831234691	2.44327773777341	4.90931884963125	0.99031047020723	2.1252171880487	1.04583089733673	1.22601399793418
TCGA-AN-A0XU-01	2.21106298170166	2.19148286156975	2.22469679889498	2.98223214067464	2.55284262166919	4.80508885036071	1.13979953390836	2.35342014102727	1.13079459758915	1.17655843137403
TCGA-A8-A07O-01	2.33289381745231	1.99650106781407	2.42671296580571	2.96007149419451	2.53142162180212	5.29644628470579	1.22561739290904	2.36878777091286	1.01952278329733	1.34987799352941
TCGA-D8-A147-01	2.16589758314632	2.33507016043557	2.43839905436303	2.84705953038702	2.79587388849542	4.84302170715391	1.28657868633729	2.53885620626517	1.26255435459376	1.30815713958996
TCGA-C8-A131-01	2.08379363536742	2.00207809235924	2.34871169477385	3.00330070016218	2.38599986654208	5.16651340026585	1.38141123143285	2.15920318699609	0.982691927396642	1.31151718984193
TCGA-D8-A27H-01	2.05909216971225	2.54526058994674	2.23678972038594	3.17069386602422	2.73329711327932	5.11693410463405	1.34921663013172	2.88515581305518	0.922391070504598	1.56861374397504
TCGA-B6-A402-01	1.77787520871455	2.03253855583373	2.92227748980084	3.20805022887861	2.4456385322289	4.62875842465842	1.00952341778999	2.40582709206377	1.09956344795776	1.27370881269836
TCGA-A8-A09X-01	1.85714333173829	2.01087636693254	2.2955440105578	3.03595542187546	2.46156026749979	5.07442328260114	1.26696403316941	2.35167235460219	1.12847759115301	1.04024120679171
TCGA-E2-A14X-01	1.91763038874361	2.14979567313037	2.45796961241535	3.18217561755292	2.58455430179983	4.72700436009774	1.25675509677949	2.5655765459498	1.07821824234347	1.25570174422343
TCGA-B6-A3ZX-01	2.20402089660531	1.86827929571907	2.59186486166812	3.06174545661491	2.42704152457164	4.84678142932054	1.16527351855472	2.55751650990332	1.21346639652712	1.56070610092743
TCGA-D8-A1JF-01	1.70066632860273	2.10237803867926	1.94843871456754	2.86142334782928	2.30532468617826	5.34515364201285	1.45171920363865	2.29613949326954	1.19410342165468	1.04227294231215
TCGA-AC-A6IW-01	2.22985316127076	1.93143191471424	2.77932958824798	2.84396083964378	2.38634624836771	4.82800010784532	0.980908587617948	2.30872461601596	1.16203834719315	1.1535445385867
TCGA-AO-A03U-01	1.7654193513267	2.09672254936176	2.65750756734393	3.08674897300194	2.63530562646381	5.04669359193978	1.3465299110291	2.7983596160028	1.17756183749436	1.53602464454019
TCGA-AO-A129-01	2.0550832001185	2.00999663299643	2.40020562609854	2.81271544416865	2.51089106550573	4.7915602452627	1.04525828059431	2.33830870267001	1.17941599378197	1.57203539691529
TCGA-D8-A143-01	1.96503528172079	2.04735992855951	2.32812324461873	3.16876144535934	2.31389227138486	5.26366534822681	1.08232094802327	2.15164626975593	0.853085144429804	1.40004971898322
TCGA-A7-A6VW-01	2.09698306088982	1.78916975378253	2.56633217060743	2.89209768363387	2.37759328005605	4.62911082034805	0.743418723069878	2.07372086931861	0.949991184213089	1.51206066867116
TCGA-GM-A2DF-01	2.09350367260073	1.92709293132779	2.58922482993612	3.00506468143989	2.13933770743331	4.50214455903178	0.977040826576481	2.4054037002423	0.928535353452075	1.36228942055469
TCGA-LL-A441-01	1.85212480221019	1.98990364043408	2.63499057242104	3.11506157144171	2.36854481004465	4.56857395516362	1.30343837222886	2.59166563652357	1.27793978719739	1.57313327282027
TCGA-AN-A0G0-01	1.7823757435341	2.35540810293481	2.23520542082078	2.92191059873416	2.59804237266047	5.31260024283477	1.19572939706777	2.45200610727044	1.19007375217629	1.3484371010889
TCGA-GM-A2DB-01	1.86274313153268	1.79677026335568	2.32973094537282	2.82461661603725	2.131686488315	5.09850183817777	0.951096710191763	1.88515581305518	0.673917730088105	0.936388740393238
TCGA-OL-A6VO-01	1.97173895092618	1.94490514768781	2.86939040545294	2.96393081545614	2.25262878873913	4.68260290359901	1.00022922735213	2.2823360875805	1.04412785918884	1.31624667221903
TCGA-BH-A0B9-01	2.22910206750393	1.87149905910902	2.67073268548032	2.89498141765473	2.77094998226344	4.7570239477652	1.0620063008945	2.21542041367176	1.19014384009479	1.36749201781591
TCGA-AR-A5QQ-01	1.96508661727753	1.92046342780804	2.37140542360385	3.22061379071666	2.29552007279655	4.37521757028118	1.0918872225392	2.21054687661335	0.761308372934087	1.40109861654717
TCGA-A8-A07C-01	2.04868942469135	2.2420114571704	2.19226491091353	2.97118432624635	2.88476151950559	4.90796277044639	1.33199395880068	2.54429641095155	1.21987747774749	1.38341590188925
TCGA-AN-A0AL-01	1.88638485219428	1.97200687653816	2.31979633609926	3.22593366202756	2.95666550420009	4.93639630941267	1.15637470793883	2.44759451571507	1.17564360748777	1.50328351055307
TCGA-A2-A0CM-01	2.34673075700819	2.05497302091865	2.48386359191855	3.0631314435292	2.57033021994161	4.93429766328341	1.19077283250023	2.39822331281079	1.21531368183846	1.33121478007449
TCGA-AR-A1AR-01	2.19016096560896	2.10081233586228	2.3869012003882	3.11705647187579	2.6934685818673	4.74688959266169	1.39241458238999	2.4411593207931	1.31651118965567	0.992027878243092
TCGA-BH-A0BL-01	2.180578617124	2.24569924097095	2.32374727241504	3.19307936756937	2.46373312683545	4.67124322938302	1.37010692515502	2.56984357697355	1.1108535763069	1.47155166872594
